network= {{0.0, 3.885763006761282E-4, 0.03232168910777435, 0.0712611755129013, 0.02604476717292824, 0.05350388230553098, 0.10010131048279465, 0.02013857674605293, 0.015309379578217536, 0.0402461116065535, 0.02259654729296804, 0.02820180244260617, 0.035608597160668005, 0.0089570673079612, 0.0166661833670728, 0.04639181972351068, 0.036400207217195696, 0.04308301597105688, 0.056204749931578805, 0.04985624815747148, 0.021747781118496134, 0.05647251400335731, 0.04126147779612598, 0.056898771201456075, 0.06850538727852698, 0.03220159902026459, 0.05126628153369431, 0.03696884048781412, 0.009289028439084737, 0.03796888986734571, 0.08665210497591659, 0.044434595691727787, 0.027899449034911872, 0.04055612094162044, 0.040349229398909336, 0.019703903759628535, 0.03810433994592521, 0.039066343062802524, 0.03763775823341235, 0.05916452736640473, 0.06282492225498212, 0.09074655304187731, 0.02985788230395293, 0.024866958596265004, 0.10570414487391785, 0.05486204213866774, 0.03299804798799571, 0.015667581711357376, 0.0619675748031139, 0.028886705808708207, 0.05378179425493652, 0.054269479325346, 0.04105121726127881, 0.12652465621561282, 0.06085598441760203, 0.05870400794354949, 0.01878541621382461, 0.04253940694932508, 0.061376308769251556, 0.04607363906340071, 0.04930280645206416, 0.023305798918428218, 0.03285629373339963, 0.025478422472380986, 0.046231677232360026, 0.07280099566123056, 0.07885009609425228, 0.024913605074041424, 0.05946888420582234, 0.01918421959557085, 0.022185697931290594, 0.06499980872719639, 0.09157846664467297, 0.04069922486423268, 0.06726391051280271, 0.039959724253810114, 0.02028807350436091, 0.04019306945444048, 0.04641636661826431, 0.11216950715744574, 0.027313278218093144, 0.04934596313108084, 0.06464735381249634, 0.01721635669229644, 0.06668014430342364, 0.037567455853032575, 0.059932205072672246, 0.04760478310756135, 0.012700421584915, 0.07575827948710967, 0.013615655006957203, 0.03836299282571005, 0.04497670987972038, 0.03681807429200864, 0.02466206703657601, 0.04335409292594686, 0.05332072182887104, 0.04534995140597206, 0.020784906555852613, 0.022858535151214388, 0.02054749839812032}, 
{3.885763006761282E-4, 0.0, 9.433321430589365E-4, 0.01167118538172219, 0.002796462176620416, 0.010770802356847844, 0.004742020020882262, 0.003669589759097296, 0.001967189443564337, 0.005085200347299796, 6.232469547027483E-4, 4.414234437288481E-4, 0.0030901265221729567, 0.002980029748693693, 0.0058159108980484885, -0.0014415962375970038, 0.004774358781092372, 0.003339675732343508, 0.0035133784993861407, 0.006198780836037197, 0.0023191767057343404, 0.006603160501829152, 0.004799932882290153, 0.006138890047619218, 0.003750263869260238, 0.0028070681768626476, 0.005186894273913781, 0.0018745036266952996, 0.005316434543169622, 0.0057739155169493845, 0.006900427955235947, 0.005503730515566201, 0.002585120390120443, 0.010567937194899674, 0.005144690094627432, 0.0016835395301623866, -5.178666722219203E-4, 7.492284068211864E-5, 0.002006481932174024, 0.005067224416400315, 0.005383154614346241, 0.0059929085625005625, 0.0018990100238902646, 0.00700538962155033, 0.012214290701306234, 0.0011912546850412088, 0.0015928830651033865, 2.924554969061699E-4, 0.004102476779665271, 0.0012930032478474032, 0.005051801988016163, 0.0066535364068714825, 0.004820576183896866, 0.006601375711196041, 0.006365005840981266, 0.00322630627401767, 0.005905718530296722, 0.00350636666950257, 0.0029706941836580114, 0.005475746979309515, 0.0029839628406099156, 0.0017554042925714982, 0.0016327135857824883, 6.415220836584509E-4, 0.005361033348899066, 0.004500180512968546, 0.0038221708084201734, 0.0034990076636537094, 0.0050866595753963125, 0.0019962623988842476, 0.003785651730336066, 0.0048376707718213695, 0.003154795248914978, 0.0030213364854362753, 0.009328926630299758, 0.0031477244007448875, -6.432092012086537E-4, 0.0019097521210716772, 0.0019390361948145483, 0.009271361144827265, 0.006527366284700965, 0.003622755168192573, 0.0022854515103644525, 0.003305086604198823, 0.00617517890959853, 0.0038313988544722358, 0.0012466271403236242, 0.00643163730832212, 0.0012804960995659754, 0.006036481496840482, 0.004435682651705783, 0.0033212724054819394, 0.003627876651615079, 0.003986210604912832, 7.86648541205957E-4, 0.004817241408892674, 0.004876776124668588, 0.00549331807173667, 0.0014282199716993153, 0.0033995928520404316, 0.0032352560001230653}, 
{0.03232168910777435, 9.433321430589365E-4, 0.0, 0.04899736866776599, 0.01843880018027976, 0.037899892369926205, 0.06000126825142848, 0.02110731536018302, 0.013602760185637065, 0.022142141654061955, 0.010567093547754019, 0.01524368224454147, 0.023568338058564953, 0.007455707559820596, 0.009032927680577571, 0.03423217483192354, 0.019557065833012147, 0.026592168273717666, 0.035547486972429626, 0.029179920062095414, 0.009425125098895502, 0.030662228714076693, 0.024009095435156835, 0.03830624010193474, 0.0420578644901128, 0.017582130653454698, 0.03139437470874846, 0.0377017485291897, 0.006916443697364957, 0.02405018891510688, 0.04836765537504202, 0.028252114474800923, 0.018644090442054676, 0.03230413867204104, 0.029149507689835413, 0.011096779775936375, 0.022986404802444484, 0.029956740258616187, 0.02340623587741992, 0.041730122910204885, 0.04531178226562068, 0.05721495207097691, 0.01723698360848105, 0.00931793979207507, 0.06775470557135596, 0.03404785244986301, 0.018211985138088704, 0.006976583435252223, 0.03980471497150318, 0.01691039379430085, 0.02856524566251166, 0.03170427404212073, 0.030718016747994726, 0.05380832937919205, 0.04169001191062839, 0.03277538925608191, 0.024163039314985056, 0.02950694798838731, 0.03520343565120425, 0.021984466165610318, 0.028454598129855267, 0.010589945065118966, 0.019186101676237043, 0.015026412216525275, 0.02438343553726315, 0.05621683988643341, 0.0429114214784548, 0.017906376526345566, 0.029788772078011637, 0.015249226204696159, 0.020499803771413097, 0.03972705046518638, 0.03341362107254357, 0.03163290355399783, 0.030411214219137707, 0.02426404925106915, 0.010583017093651363, 0.02700977514888705, 0.029914524493686704, 0.05377666239352463, 0.02994903113904604, 0.030179126865622782, 0.03763860154800173, 0.01361837235438742, 0.03195795046908163, 0.020858046721001767, 0.04128390262368513, 0.03537396308273124, 0.005532004023684316, 0.04867454463312735, 0.01487654349512175, 0.029846360653545748, 0.01639745389634825, 0.024149965715402844, 0.013097798807170966, 0.03148427234369787, 0.03329021470101635, 0.016089639240729994, 0.010495296645732824, 0.017602276796112, 0.021088504055760144}, 
{0.0712611755129013, 0.01167118538172219, 0.04899736866776599, 0.0, 0.05270884234312902, 0.10581514463503916, 0.1986958801809761, 0.039059915247739, 0.021794243293985858, 0.08272248789234171, 0.03521624091951611, 0.051569641821951374, 0.04449773918984812, 0.02036008396144632, 0.04507536469811298, 0.09609385491568086, 0.08302992351340654, 0.08074479880181332, 0.08838134334506738, 0.125829265819936, 0.04682189569853395, 0.11338008814247628, 0.07517854865494046, 0.11676782695547992, 0.11633620508837385, 0.03697762409100362, 0.09015237546211738, 0.054940177647791695, 0.013290020194545832, 0.0932518557842221, 0.14451827979971674, 0.09421716088239254, 0.049416606632610535, 0.09586930163242662, 0.04800600958601389, 0.026951472018420235, 0.06315694660695413, 0.07468728997771261, 0.07896007248342485, 0.13967988619769905, 0.1186253912734043, 0.20831151828205646, 0.07147285295980223, 0.04931656150274593, 0.20747779410306014, 0.08542719429053267, 0.05352422368109643, 0.02513898917282401, 0.1330963588581277, 0.06066016396371726, 0.11573897978650337, 0.10990677541163082, 0.10624674011051559, 0.2234541390087502, 0.10755630467167246, 0.09232795288030947, 0.054634327469108124, 0.07383655652302415, 0.09195834360511937, 0.08339569112446017, 0.09586392400945558, 0.04915317652572086, 0.07100118720909877, 0.04766634667039538, 0.09056069594123375, 0.13566905492892864, 0.12053672575380588, 0.06153845143689998, 0.07864701166556191, 0.037348579913599064, 0.05336485929008855, 0.12999082929148353, 0.16425203672608432, 0.07951132100489451, 0.11659754165258417, 0.06468251145232617, 0.03550626153958956, 0.08141767428814056, 0.07897479502313343, 0.2189187020843932, 0.06258170121797071, 0.0957352789681686, 0.11717764767860231, 0.03215426142178568, 0.11675450947765724, 0.062036792206283865, 0.10846970078400905, 0.09385376693062404, 0.01811383487306417, 0.14612646159284703, 0.04613123649559136, 0.07661659928976568, 0.06470137819947654, 0.07223899135255601, 0.05064866563262564, 0.10204254970639969, 0.10018438578661142, 0.08161527798694625, 0.044494994483112234, 0.04022302633225052, 0.048225943970214714}, 
{0.02604476717292824, 0.002796462176620416, 0.01843880018027976, 0.05270884234312902, 0.0, 0.04521848017957626, 0.07321510519927568, 0.022576718634873812, 0.016883064104277114, 0.035697382053732955, 0.018623347810925273, 0.024043744300373468, 0.04399145752137881, 0.0077655570520393105, 0.022216642361617994, 0.05189260272401683, 0.028640729879301476, 0.05447663202978478, 0.033997821452613416, 0.026752728301165887, 0.020867079659580054, 0.046651741168791526, 0.034246161771539246, 0.056816954468520885, 0.049936480938038354, 0.01980801096184011, 0.04234806275039592, 0.025802064095486226, 0.0401754085456447, 0.030350125906171053, 0.10161849372400687, 0.034242699482527304, 0.021127002889752822, 0.06710487470246443, 0.027998250521080504, 0.017142996936098456, 0.04032831289108904, 0.02404834554652997, 0.04910924149378641, 0.049994453208683, 0.0574360055876707, 0.06750729239839287, 0.02476360080975177, 0.015778573085695226, 0.09212983547442576, 0.0390313623574738, 0.029239822509711876, 0.01124583038572997, 0.057011473575545785, 0.03239584094531669, 0.03680281255132011, 0.06375506176620575, 0.054200748719068444, 0.1641176594598398, 0.05835259125022208, 0.06571540801966924, 0.028462392612101244, 0.03335945778976729, 0.03719891010603897, 0.03539980929820484, 0.04713371878748947, 0.022357703467531794, 0.02155262774033093, 0.027681267547551118, 0.04748926903307374, 0.06556812028964087, 0.05723855595973005, 0.0026420145674159634, 0.0403876534774363, 0.037917678385659535, 0.020412799662171553, 0.0483224295200458, 0.12162128536154718, 0.03448836886738684, 0.03726649411903623, 0.039344370696745484, 0.023054186072337467, 0.05272191607779875, 0.07670999224317367, 0.13299490446680787, 0.020067878056989705, 0.03478866044149077, 0.054792363409011016, 0.018401614828371056, 0.044326745965377314, 0.024825323914786483, 0.06086242895366623, 0.020412440723372567, 0.013286958000973702, 0.06365825027239731, 0.008472382039211537, 0.059269284213298086, 0.03317069663215992, 0.032291797758859216, 0.032997436505376225, 0.04360717207083032, 0.0450694837191424, 0.05684098907810413, 0.014467764837385629, 0.021103187951593633, 0.016921516162108737}, 
{0.05350388230553098, 0.010770802356847844, 0.037899892369926205, 0.10581514463503916, 0.04521848017957626, 0.0, 0.1494501985804732, 0.02886694238328067, 0.022222230687612053, 0.05242668985053633, 0.027992669578306602, 0.037103940506606786, 0.04875255863362805, 0.01690688162057065, 0.0397715269233805, 0.05936709200019833, 0.049944139028793154, 0.07376727508508871, 0.07679148977167968, 0.07539258411844689, 0.04356919992022513, 0.10170711861156485, 0.05750081391699957, 0.11285772308455799, 0.09693653110169506, 0.03471053365865148, 0.06601423473874775, 0.04205454367709581, 0.010997350029149, 0.05398027620031342, 0.10396898221217106, 0.060292765954864276, 0.023985215174857386, 0.10201905428882035, 0.04375397699942471, 0.023333960693679996, 0.040791109859942484, 0.05629520724414847, 0.05415739239488915, 0.08936258097173537, 0.10528712307180467, 0.14171126311101545, 0.036226773564605325, 0.04419233252194389, 0.17621655722470764, 0.07340655978524771, 0.04018726340409683, 0.016665405370417517, 0.08846963397214519, 0.047120658613801714, 0.06950447830415497, 0.08887102659327027, 0.08539783500043621, 0.1937880507121781, 0.09686145530069959, 0.09478513054835958, 0.0556278825803642, 0.05111005819477372, 0.05445420030867358, 0.07291645353310923, 0.060937572593239155, 0.028062286848571035, 0.03720517225803467, 0.036180709422702455, 0.07349493693297073, 0.11465858250640848, 0.11379149430744183, 0.04312288958163882, 0.08456421521375199, 0.026700413455686123, 0.041397558640509945, 0.10393295255306657, 0.1247063277679286, 0.05847720404501278, 0.11474346193083754, 0.04789979574975454, 0.024553605316170374, 0.07187465317927129, 0.06073445973440515, 0.16686686054854102, 0.06045796494137167, 0.07191285181258675, 0.090516582055314, 0.02284728912174558, 0.08805773107269896, 0.05754157285236386, 0.08549999752306205, 0.0607802874218266, 0.0183237198650963, 0.11100224002151567, 0.032264505021427886, 0.06321954914436527, 0.05000475714807159, 0.06845021570654634, 0.03818132933063323, 0.06718629852166362, 0.06068690639325176, 0.07352578250569748, 0.037187626313322585, 0.03283678133621632, 0.03610780378998487}, 
{0.10010131048279465, 0.004742020020882262, 0.06000126825142848, 0.1986958801809761, 0.07321510519927568, 0.1494501985804732, 0.0, 0.03896776621833204, 0.024398127675344872, 0.0947426553704381, 0.051344875719360125, 0.05804153019025461, 0.06100618788887932, 0.02401784271542309, 0.04714439902666825, 0.11302520585488579, 0.10049882923653701, 0.10880246859092016, 0.13522100250022653, 0.17270569478562475, 0.06929895499828433, 0.16547266109088576, 0.09157626367897892, 0.17672865597002568, 0.19631254269497767, 0.06470480540173597, 0.12976697473029994, 0.0806451440347166, 0.015701528092216126, 0.11273603688979729, 0.1630501245522951, 0.12202591957341663, 0.04831805186927381, 0.09993136340458446, 0.06025875976873979, 0.03463653405286917, 0.08400092596148918, 0.0824206026748942, 0.09155302978117, 0.17790252256144148, 0.1839117479076863, 0.24447197101470172, 0.09424876676725918, 0.06950136551830509, 0.29448389821233034, 0.11739533264624935, 0.07924871893688899, 0.04016839136253841, 0.16225764552274563, 0.08134689948586044, 0.14424685807056986, 0.15560394458942145, 0.15770006342231346, 0.3175721882958443, 0.16329091752814406, 0.14763098256163418, 0.03732624414634862, 0.10171246263359307, 0.13784695053595508, 0.11893634095186029, 0.12955699487127342, 0.06466679659341303, 0.07145459438206676, 0.04601867190534246, 0.114088914142545, 0.22337369989528894, 0.20420321374445619, 0.07938980596269234, 0.1392083998714896, 0.04540849624141477, 0.0841843841327021, 0.19366436724194602, 0.23524759465714004, 0.08986095450640519, 0.15714990141126867, 0.09814573931697493, 0.05120643751460087, 0.0828582694488487, 0.10940684106504578, 0.31053327332239106, 0.06458367105227296, 0.12009355106454223, 0.16055219662557754, 0.027724878450750223, 0.17044072671061516, 0.06904417717146472, 0.1465869511590292, 0.13963538784303162, 0.03142785556047924, 0.19490675278472266, 0.05456598316179132, 0.09124488700782303, 0.08978874089925089, 0.0942156547987584, 0.06350161705319236, 0.1140731746282065, 0.1324057721604133, 0.1306848845227396, 0.07112104236133587, 0.04716906702019005, 0.0723568587177751}, 
{0.02013857674605293, 0.003669589759097296, 0.02110731536018302, 0.039059915247739, 0.022576718634873812, 0.02886694238328067, 0.03896776621833204, 0.0, 0.04074487851138162, 0.021117802154598984, 0.00963251003439527, 0.016648206429053868, 0.032991898930729374, 0.010364413331866417, 0.030736214319703, 0.044670758159842235, 0.009985388251371567, 0.03603942913739547, 0.016749758206323438, 0.024706822984068195, 0.01030037472209837, 0.04224675614957918, 0.027616504884639907, 0.043965755643013076, 0.035177599149089196, 0.026170923020884928, 0.030608779959923404, 0.020059328893211267, 0.010108545225600302, 0.019710464842847403, 0.052252615470269215, 0.03746079362721739, 0.05281799382448799, 0.05679678702273285, 0.03383085120081065, 0.031013195369576963, 0.03600552998220601, 0.025164900603587094, 0.025338287352646933, 0.03188238733968701, 0.042061478680297644, 0.039770194954505324, 0.020116498156634636, 0.01708056014185978, 0.06666635313558585, 0.030075373217904842, 0.02430473680731108, 0.003857373587880541, 0.055713566118564616, 0.01834214806201876, 0.025556459415203302, 0.025324503949203138, 0.022632695248930912, 0.05714901597354708, 0.041910421919376856, 0.03275967481075262, 0.035374835725194245, 0.03165969456691785, 0.03673610154875417, 0.021595666308280834, 0.03027882555746801, 0.005445465859124078, 0.029124761286420338, 0.027343419409361937, 0.027428236088469934, 0.049110827051159024, 0.047861294647411325, 0.015868916766914556, 0.032311819846076964, 0.028029820782999666, 0.004095372476032375, 0.0319281536065688, 0.05315202533133302, 0.023637775449588092, 0.02858844509659711, 0.014003596070943437, 0.019098970316146963, 0.03198419681782426, 0.035218152567950974, 0.09755272091969534, 0.06895362623197511, 0.026717206946549436, 0.032806326452742215, 0.04324337243372241, 0.024809967295004922, 0.016598640030966946, 0.03748516798665016, 0.02623494889177785, 0.011066300820984273, 0.03941190060124847, 0.022820406980985686, 0.02385342932192328, 0.018124582244039993, 0.031317519017325476, 0.011087757061857913, 0.02915254260055194, 0.03275793945092804, 0.03938961109823421, 0.006958387797740875, 0.049475654977365335, 0.008041224171102411}, 
{0.015309379578217536, 0.001967189443564337, 0.013602760185637065, 0.021794243293985858, 0.016883064104277114, 0.022222230687612053, 0.024398127675344872, 0.04074487851138162, 0.0, 0.013624367075040417, 0.00620164416348024, 0.011964081371430891, 0.021079575584052063, 0.006239839301223311, 0.01597259043999411, 0.03208734134484211, 0.008401685026037085, 0.020813923633632634, 0.012865536983953065, 0.021985714187184733, 0.007576049269410669, 0.020437502174884478, 0.016590038027361233, 0.02353856397594928, 0.020071398301811046, 0.016451657119153536, 0.016533273309878214, 0.01368927775427294, 0.006354606194522103, 0.010062676515169625, 0.028581959255123912, 0.022130795414407965, 0.030925100545246727, 0.029702670244482945, 0.02304950748399678, 0.01914319823914134, 0.026589930508631756, 0.011738613245950557, 0.02098068369125823, 0.022277448141539823, 0.029942383350745734, 0.026300246802283715, 0.01346373525973814, 0.010375274814532145, 0.03914423209212815, 0.016047180038431405, 0.015450326138111857, 0.0038455616281887163, 0.03364574687331047, 0.0111501070773051, 0.015072220062783259, 0.016189719348031616, 0.016118620836365807, 0.024070073321673807, 0.023692004532566594, 0.020137183717305423, 0.018928258841870733, 0.019856023419367243, 0.01878423528837183, 0.013981142076418223, 0.013493048114993831, 0.006894111805740132, 0.01749959430992686, 0.018600929511367974, 0.014309638106346475, 0.024371042157399745, 0.029546027174310978, 0.009161364110379726, 0.02335132276220858, 0.012610455679715762, 0.002564464012666327, 0.01970214050970498, 0.029235660157019224, 0.019370825635550124, 0.017844628091325962, 0.012920993991337055, 0.014577154332382936, 0.017773877595845446, 0.018732315714701672, 0.030248343073771868, 0.0396207077447817, 0.015446326660641026, 0.020955535584913434, 0.02387071126894197, 0.01809641874559423, 0.011182674204017817, 0.022503084744595746, 0.019157812670072764, 0.007189136505665007, 0.02057838095505167, 0.014517969826395813, 0.014929221415424257, 0.01207785889817445, 0.017583621324785092, 0.00878857833563003, 0.017593797473669164, 0.018700984190215278, 0.02539699496827312, 0.004634364516183133, 0.029126161032764754, 0.005543517450137165}, 
{0.0402461116065535, 0.005085200347299796, 0.022142141654061955, 0.08272248789234171, 0.035697382053732955, 0.05242668985053633, 0.0947426553704381, 0.021117802154598984, 0.013624367075040417, 0.0, 0.022941181306980092, 0.025003471972930756, 0.030921716381061747, 0.007813375925596697, 0.02638655185085267, 0.04793185729397149, 0.055328014924855846, 0.04677863564064049, 0.03365596395056404, 0.05614394569218338, 0.0250162824487802, 0.059395040300739874, 0.038104328776801644, 0.06419920213121191, 0.061889720110319894, 0.015066847186665943, 0.04840168822157744, 0.023713398114540235, 0.02099527451701245, 0.04940637625176027, 0.0762359044229736, 0.05314724690904231, 0.026159836917435144, 0.05459800685010249, 0.033507122943368196, 0.01918149986156285, 0.035533042782724546, 0.03926982691173692, 0.040365155691221045, 0.0650817563983519, 0.06496671717487501, 0.10520560363153261, 0.036919513269221146, 0.020902220751100084, 0.11346042211548515, 0.045980623384427016, 0.03150451134410944, 0.012445288179895734, 0.07459091125021688, 0.03652467837002769, 0.06164745832025415, 0.0609930892605469, 0.043570989603652306, 0.11585143093412681, 0.06660160298011339, 0.05518269593735167, 0.02524211246927135, 0.03977152987410561, 0.061732681330393065, 0.049399764910095505, 0.04896207444942825, 0.022321584609586935, 0.034221606858650264, 0.03405149258702139, 0.052515177425332404, 0.0705091191286978, 0.07309680391375263, 0.01145704468195014, 0.03158871666541062, 0.02256549082372392, 0.024906841283082, 0.06258552661984464, 0.10763010524230773, 0.046119388811523, 0.06625468276262379, 0.036780559289244355, 0.020315385050200432, 0.03782468672809574, 0.04656027252261048, 0.10820021968410255, 0.03162875364733405, 0.04878432905993594, 0.05855277209586007, 0.019994245036487546, 0.045410890800855676, 0.037776644168622586, 0.05710841587004139, 0.04016599787198328, 0.0128011259162515, 0.06813161400771202, 0.024826871382299574, 0.038298080269734, 0.0444467961827013, 0.037145477366127916, 0.032165439314845216, 0.06675417620119387, 0.05156677499357574, 0.04805943342303199, 0.019517251309001143, 0.026266633012628944, 0.02459154010589243}, 
{0.02259654729296804, 6.232469547027483E-4, 0.010567093547754019, 0.03521624091951611, 0.018623347810925273, 0.027992669578306602, 0.051344875719360125, 0.00963251003439527, 0.00620164416348024, 0.022941181306980092, 0.0, 0.01724950644350781, 0.01731654669045442, 0.005815238983975531, 0.011137792239790787, 0.02704239757998657, 0.02342658209665076, 0.024398227809958158, 0.02790361869543185, 0.02354643312316774, 0.012530240395434628, 0.031953453156237634, 0.018749446192479983, 0.020095880643163887, 0.031204320335229397, 0.015776763424446495, 0.029206867850103707, 0.0054481868036770215, 0.009915371904664603, 0.023227022226045096, 0.0340822275687393, 0.019136010085378328, 0.013877092305442833, 0.024970235287148763, 0.011160331128253771, 0.0102964050921095, 0.0228130074269362, 0.014815784946675544, 0.024057986582134698, 0.038941300776320284, 0.031638398989551175, 0.054148380517318025, 0.015994434976664685, 0.01565044785019062, 0.05803557675716036, 0.02338146452978229, 0.02137440806013446, 0.0057815562475552916, 0.03532731028199595, 0.017019435500034225, 0.02494941810768824, 0.02534169250636895, 0.018176898900349733, 0.057572209744668826, 0.026604333230985173, 0.023420423116351473, 0.01794468590899019, 0.017940163723736406, 0.025854850647156112, 0.02762391211905178, 0.02285681483127228, 0.010989673136767868, 0.010076663475003928, 0.014985318053218373, 0.017039830220524146, 0.035646409087440226, 0.034756940584933775, -0.0031750510852843433, 0.03002924507312924, 0.009113555271013847, 0.012428486858878372, 0.03352802376160348, 0.0374103510826823, 0.016365096404993333, 0.03585723859764062, 0.0181052884818462, 0.012210897763358658, 0.01996788328204704, 0.02056168969841408, 0.056784463739287784, 0.015086285481484935, 0.02037384448694111, 0.030878751906327814, 0.008109840948258057, 0.026006821654157103, 0.01282732815427142, 0.02822051932130797, 0.0167855484719001, 0.0066661609766980705, 0.03671055786139154, 0.005235949064388625, 0.024244723933232865, 0.02340887154288847, 0.0172556105192856, 0.015010644968509327, 0.027050099684805894, 0.02455107876592151, 0.025567869330763084, 0.010017548906486472, 0.013331623211110283, 0.014189470229862527}, 
{0.02820180244260617, 4.414234437288481E-4, 0.01524368224454147, 0.051569641821951374, 0.024043744300373468, 0.037103940506606786, 0.05804153019025461, 0.016648206429053868, 0.011964081371430891, 0.025003471972930756, 0.01724950644350781, 0.0, 0.02399744899616058, 0.004941036715338129, 0.014642146160730571, 0.03619736355258622, 0.02543979622447306, 0.035375521993554176, 0.02878152179922154, 0.03670279654119037, 0.017750421099593565, 0.044946199002135666, 0.025987895725936662, 0.04192593900370704, 0.04759306361797586, 0.018206452635840295, 0.038321457349840146, 0.017647221756827966, 0.016609650868255946, 0.024726802245569418, 0.06727334005456322, 0.028568400054596193, 0.017861818701277104, 0.031255129217106714, 0.018547614888258148, 0.012765971539529198, 0.016047783528939753, 0.03678877045356914, 0.03642486440859079, 0.04206188375203436, 0.038532053475618444, 0.06201600620281879, 0.02141707507174952, 0.01864462686270961, 0.07058553314671445, 0.03542296032024172, 0.023225794973674944, 0.012018247625719233, 0.04467876553159583, 0.027346785919455805, 0.03466784693351768, 0.039499891461283, 0.03856366863554574, 0.08326574454531273, 0.03763487925726546, 0.045227926875851095, 0.023280438188549493, 0.031111920214228313, 0.02697193423205049, 0.031066695101870906, 0.035132833074225045, 0.012285927237082044, 0.02281761911640519, 0.017575638280927314, 0.036200012531067825, 0.054349442638833054, 0.047233000753394275, 0.020413023749318755, 0.0385528946283769, 0.01640372446835144, 0.021049968141573658, 0.038984932943047494, 0.062097268156682275, 0.03005641298142925, 0.040355844735169136, 0.029358028768123372, 0.011563182164580837, 0.031155752318389837, 0.03323691155960233, 0.07604560026084298, 0.024321397021651026, 0.030777944468637877, 0.03983765905842405, 0.011115773988814057, 0.04017719600672179, 0.023561658027066792, 0.04426233800677178, 0.029555948184973157, 0.009545506884627419, 0.05200448884867541, 0.014790121187103952, 0.03527791676543655, 0.031821113907134976, 0.02565094765704276, 0.017515232342657085, 0.02990662577123049, 0.03858870215595316, 0.04407536675346294, 0.015219966556985204, 0.01709681535824763, 0.015332196394702478}, 
{0.035608597160668005, 0.0030901265221729567, 0.023568338058564953, 0.04449773918984812, 0.04399145752137881, 0.04875255863362805, 0.06100618788887932, 0.032991898930729374, 0.021079575584052063, 0.030921716381061747, 0.01731654669045442, 0.02399744899616058, 0.0, 0.009014122213032185, 0.02882111024190653, 0.057233166275387826, 0.02282318367851656, 0.04918433084239415, 0.02965434007156414, 0.041305711073509215, 0.02492244505254113, 0.04637575080060035, 0.03571145113870552, 0.05652382125659414, 0.046410337207662015, 0.037907266255723625, 0.04434706426580172, 0.026244929738930695, 0.022352940818187023, 0.030667548911368993, 0.08479667996433478, 0.03636442873843464, 0.032605099738916954, 0.0578851848876198, 0.051228631038711475, 0.021687689029458675, 0.04413844820452787, 0.03988538064625944, 0.04175856063723833, 0.04681147818738529, 0.03549038580347381, 0.06717512681996955, 0.025386824656396648, 0.027547179157179892, 0.08533982697981397, 0.041487368813407574, 0.02914774843273675, 0.013305270726215712, 0.06498238796340666, 0.028366175535878703, 0.03502190501598215, 0.043857549295758164, 0.03761909528316101, 0.08233770592125342, 0.05953862347826218, 0.06351054973854076, 0.03401295568778349, 0.03399422857550206, 0.04394861233984377, 0.040549304667592496, 0.04181444145586719, 0.014101225257120795, 0.03302134987002239, 0.03357749172879748, 0.04524393450229111, 0.06333468482856136, 0.07959408093118787, 0.010509727269344328, 0.04966400517232395, 0.02802881319655773, 0.01652316557178258, 0.04627189235788604, 0.09660129507354981, 0.031123636405721036, 0.04928373949665468, 0.030546701965458316, 0.020674896083411852, 0.04235454121435066, 0.05568047629539149, 0.11132805710741553, 0.03967145971321295, 0.039004980603654586, 0.05395986879494875, 0.02639005677444141, 0.04897013341727236, 0.02424414340772777, 0.05251540115250005, 0.028715750199873463, 0.014507081660641673, 0.05363032334954353, 0.01808995210796386, 0.04167577400764457, 0.03446924202305969, 0.03734617083143641, 0.024192800018977854, 0.036158248762929786, 0.04524626523546879, 0.04882514013855233, 0.01443391264725974, 0.033222159971367154, 0.02103053607935714}, 
{0.0089570673079612, 0.002980029748693693, 0.007455707559820596, 0.02036008396144632, 0.0077655570520393105, 0.01690688162057065, 0.02401784271542309, 0.010364413331866417, 0.006239839301223311, 0.007813375925596697, 0.005815238983975531, 0.004941036715338129, 0.009014122213032185, 0.0, 0.008370022602490338, 0.009934037181115764, 0.008081853145963075, 0.013998615602241202, 0.01070030720654181, 0.020064501487370157, 0.008703177652478364, 0.017360326042259573, 0.011394710972479816, 0.018248410365218945, 0.015730199710299646, 0.010517857769837097, 0.009741080348449659, 0.006184430246848635, 0.005855918055800385, 0.011782131077081627, 0.02008554413301287, 0.012977636400753044, 0.008098159676969679, 0.01948970540248239, 0.008533955020164657, 0.004855458257965834, 0.008682983488467811, 0.0027106299334304505, 0.010650167983694135, 0.019971192261424103, 0.014784633334146969, 0.025651275582252685, 0.010594672586182855, 0.007721231887863707, 0.029628155325370206, 0.010315049506862274, 0.008407101501259654, 9.165064209702223E-4, 0.017699821280717266, 0.008448044566299258, 0.016207065244720608, 0.013722768663509069, 0.012471471159471057, 0.02184685348707001, 0.013687967469822648, 0.012752008802515388, 0.01228480828180401, 0.010538111066209341, 0.012232641531166943, 0.012401048828354863, 0.012631779280941174, 0.007460322104357609, 0.01116023431052361, 0.008230729057488116, 0.011924822762998326, 0.020871643374835814, 0.019238073132443686, 0.004403474216130203, 0.011540991976218513, 0.005900605414945091, 0.005309642121457566, 0.015098512824001544, 0.017450385606112673, 0.01041454382157189, 0.016274625624598738, 0.01103730590472668, 0.0054172129560050505, 0.01535710514048879, 0.014108295550302083, 0.02567408628381762, 0.015327416731234675, 0.011295080283079822, 0.015687219655096007, 0.006015931694205731, 0.015222694380805726, 0.012062878175897502, 0.01668195984659638, 0.012671661568380189, 0.004391682750448349, 0.01967685830893774, 0.007041455105631439, 0.012174833328274287, 0.00892296136565854, 0.011875305280270919, 0.004455735652267088, 0.012227124150328655, 0.015563506846634859, 0.010749517412614916, 0.005203257771885801, 0.00738194577677329, 0.008990876961927149}, 
{0.0166661833670728, 0.0058159108980484885, 0.009032927680577571, 0.04507536469811298, 0.022216642361617994, 0.0397715269233805, 0.04714439902666825, 0.030736214319703, 0.01597259043999411, 0.02638655185085267, 0.011137792239790787, 0.014642146160730571, 0.02882111024190653, 0.008370022602490338, 0.0, 0.03117197763909876, 0.021443143634467796, 0.03518908204309852, 0.018750652696304843, 0.03184959608587001, 0.020165041624296616, 0.04165789407110508, 0.02465248461119759, 0.04136469080529896, 0.04191477821145129, 0.01604202718065195, 0.02960014040053193, 0.013086555046501126, 0.011848439072148133, 0.028721795132298774, 0.03832131101519027, 0.029963569390700096, 0.021150375330670042, 0.04942295436031502, 0.02268036433264832, 0.014901077709895044, 0.019182223325766485, 0.02041365444988864, 0.026064608646283415, 0.03870189265391432, 0.03010063327244629, 0.0549013710205518, 0.015656031085734223, 0.015517664615564105, 0.061175736319384305, 0.028456984004707003, 0.021259092914370132, 0.009486136863091094, 0.04209845223832511, 0.019943846699028028, 0.033831125595280266, 0.034294075561295295, 0.02671260761859054, 0.06735456186786981, 0.036474437378055564, 0.027449839692879095, 0.023198630416349602, 0.02111656770045007, 0.021758368054909483, 0.028959448108630284, 0.02790293284682175, 0.018582586113914303, 0.024871461210796638, 0.02012738915114711, 0.032108340909459056, 0.043934512132754094, 0.04966965183949401, 0.008524229430420076, 0.023310062423316555, 0.011721162675532288, 0.01047878532896887, 0.03676736090415723, 0.0492369877140963, 0.025278865785716493, 0.038724887605523284, 0.01700769978816611, 0.009483833904002762, 0.036099319365233605, 0.027610331218343446, 0.07455124571176386, 0.028788844456099177, 0.027977119879227397, 0.03630632356260973, 0.01648408197289673, 0.032100673928951245, 0.01754861268236481, 0.040348759528095725, 0.02548320737198441, 0.008559274345003932, 0.033376162042008495, 0.01362006841061386, 0.01894727768890149, 0.019444901617030285, 0.02516660950345041, 0.014848229892179113, 0.03340705373125816, 0.027259888755547905, 0.04532576897713098, 0.010544102963735298, 0.022901690029021288, 0.014513425293965355}, 
{0.04639181972351068, -0.0014415962375970038, 0.03423217483192354, 0.09609385491568086, 0.05189260272401683, 0.05936709200019833, 0.11302520585488579, 0.044670758159842235, 0.03208734134484211, 0.04793185729397149, 0.02704239757998657, 0.03619736355258622, 0.057233166275387826, 0.009934037181115764, 0.03117197763909876, 0.0, 0.04456133454326217, 0.0696859576902102, 0.05060554080027212, 0.07030924674452188, 0.030709552346898258, 0.06777505759438814, 0.07169004457622447, 0.07321574290152566, 0.07356901156780346, 0.035906543225427766, 0.06226867275031448, 0.04983939487322142, 0.004822244655503971, 0.04864519035137743, 0.10396278252710713, 0.06249849496127082, 0.04506397502886326, 0.05033826526105277, 0.03491689851781221, 0.030952670382909282, 0.11121088523688491, 0.04951318566735478, 0.07186363563900974, 0.08526153430600647, 0.08394375363855577, 0.13753946786192933, 0.046477756883284295, 0.015697792181518677, 0.1534607044789219, 0.06100450199661581, 0.05147177350913128, 0.01510254730249329, 0.16131025571055396, 0.05293879857642913, 0.05968855522294833, 0.07477433794107043, 0.06618363499028279, 0.12264675861419148, 0.08212872239523074, 0.06192242179807024, 0.046562532158727764, 0.05872087982567478, 0.05821183269448778, 0.05607419457333112, 0.06182819517462339, 0.03557414424860827, 0.0493939119086315, 0.07924904773259699, 0.07231382966713856, 0.09297868188632007, 0.09207256047115678, 0.036646207286008224, 0.06338288654435624, 0.03125914335009752, 0.025254780450710043, 0.08387496741862552, 0.1059822356769467, 0.06123205371220053, 0.06935152355285365, 0.04700201541984684, 0.060904321304666796, 0.050472494872912034, 0.06735660362753916, 0.14673277266675513, 0.05349292100623065, 0.05918343847861989, 0.08337973155806361, 0.02688036385367652, 0.07025331291398504, 0.03606555759812629, 0.08774011434854562, 0.05601929159757098, 0.012366142162867064, 0.09211597843858257, 0.030173258609518718, 0.053727572418606, 0.0362642888655659, 0.05164931566483147, 0.07089843300506707, 0.05790672320760468, 0.054795329265329706, 0.0605891105761535, 0.021563943547727015, 0.03983126794233559, 0.027252814703056752}, 
{0.036400207217195696, 0.004774358781092372, 0.019557065833012147, 0.08302992351340654, 0.028640729879301476, 0.049944139028793154, 0.10049882923653701, 0.009985388251371567, 0.008401685026037085, 0.055328014924855846, 0.02342658209665076, 0.02543979622447306, 0.02282318367851656, 0.008081853145963075, 0.021443143634467796, 0.04456133454326217, 0.0, 0.044634877004315385, 0.04618648196439594, 0.05766473370184532, 0.024247738307132418, 0.06045243273499643, 0.038150350897871305, 0.057094498728412664, 0.05780515399940858, 0.01077374430018794, 0.048775400851818584, 0.022151661715069826, 0.012680290573504546, 0.05071181201442346, 0.07277000502136169, 0.046497475851815344, 0.01685833141011893, 0.04202973088275337, 0.02469428912235679, 0.013299312693857883, 0.0267887407048789, 0.027856351342173388, 0.040614212436565406, 0.0633891611911927, 0.0623551079962414, 0.1104574104334597, 0.034905948513771136, 0.02229179981271354, 0.11460868870324765, 0.041556384356581995, 0.03321073455183017, 0.0141868224444439, 0.06135081454712461, 0.036564839826639, 0.05946151344490781, 0.05878842346084245, 0.04768858347900388, 0.10129363114973523, 0.058287736337733174, 0.050463700245910806, 0.02432289567317475, 0.03739199398767028, 0.05608230904949986, 0.05218722535344617, 0.04363061295335738, 0.02560682830715453, 0.03114629953178897, 0.0234401343923471, 0.04622842675022533, 0.07096468506227527, 0.06348996136740977, 0.026472054825156743, 0.04337739951868245, 0.014412915457472036, 0.024606166763238586, 0.06199446582275529, 0.09737082230990493, 0.04095286033382511, 0.06472259584112482, 0.032442853030343104, 0.013857455705662445, 0.031278961226129685, 0.039045881830500916, 0.1245666807943279, 0.025310575007609467, 0.049283537921612386, 0.05570600730030134, 0.013769611151890848, 0.0536408962521405, 0.030930689535104975, 0.05735797039723303, 0.041213080043786855, 0.010189800714302978, 0.06680756569559936, 0.021857369573395014, 0.03224645434212579, 0.03825950839629629, 0.03509948351340624, 0.02633494316233094, 0.059760419555623494, 0.04869408844245186, 0.04439421677727962, 0.023362090437702526, 0.022422179929656588, 0.02728615813439831}, 
{0.04308301597105688, 0.003339675732343508, 0.026592168273717666, 0.08074479880181332, 0.05447663202978478, 0.07376727508508871, 0.10880246859092016, 0.03603942913739547, 0.020813923633632634, 0.04677863564064049, 0.024398227809958158, 0.035375521993554176, 0.04918433084239415, 0.013998615602241202, 0.03518908204309852, 0.0696859576902102, 0.044634877004315385, 0.0, 0.04355852246626269, 0.07671167148704006, 0.03705021989073415, 0.07971479722591018, 0.05166003246532937, 0.08819415254720894, 0.07815539557372843, 0.019563642464957013, 0.06795541241006198, 0.032174500317877226, 0.02197124886747002, 0.04505674045362283, 0.13007807338894853, 0.05065393880781642, 0.03417182637440472, 0.06721660224428033, 0.03387679075038448, 0.024214675550367888, 0.045131080387044345, 0.0378453848312483, 0.04820362068860362, 0.06984771850144654, 0.07869802066985604, 0.12374340694506507, 0.038662255981868655, 0.026425624897546823, 0.12872704423160036, 0.06994741842962887, 0.04286372579329094, 0.01966130156369973, 0.07516090766876561, 0.04722968872757316, 0.06014878741740257, 0.07943818188062578, 0.0490840388108048, 0.21090095218436042, 0.07625975106408762, 0.0912356276074375, 0.03876984174072538, 0.043203091385816766, 0.061731259476885667, 0.04694510989744491, 0.06635874984477833, 0.033424128900129885, 0.03609041447537103, 0.039802421151314424, 0.06941017223590125, 0.09308149186523845, 0.08678630872596685, 0.04168425370893983, 0.05320419305818992, 0.03697313550867037, 0.034226839842679005, 0.07656521397568214, 0.13065144207009435, 0.05824461003931915, 0.07288309064601291, 0.048577104417677604, 0.028416072000282906, 0.056894477446833513, 0.07264736106435121, 0.2163859457630097, 0.03983635027461425, 0.05597144928471767, 0.0873516021965429, 0.017371238572462745, 0.07856513248732051, 0.0451119758392374, 0.07906143757295396, 0.05582039130094734, 0.015939455668507685, 0.0910017694629311, 0.030430304122133968, 0.05476523250399523, 0.04223207547006295, 0.052957622973788414, 0.035991486371804576, 0.050480544680503704, 0.05606667681953857, 0.07747714482769211, 0.02218672021011663, 0.024890340699813142, 0.024208418075124586}, 
