{0.0, 1.4051694659274713E-5, 4.123145965483454E-5, 2.4103012923109685E-5, 4.42794935406469E-5, 2.8558808676059747E-5, 9.816213570912195E-6, 1.7204349201354583E-5, 2.082761725965556E-5, 3.986894283299309E-5, 4.158019425178974E-5, 3.375617991476868E-5, 1.70004169749856E-5, 5.095454239823382E-5, 5.197651067296109E-5, 5.75788832937124E-5, 4.5508184982678066E-5, 5.781424626229689E-5, 6.065526792480159E-5, 5.37909973494129E-5, 6.075711197722494E-5, 6.218793757183147E-5, 6.645041889091169E-5, 2.953777356408373E-5, 2.5041565229511267E-5, 2.9944014085718337E-5, 4.136062461219299E-5, 6.404883354139265E-5, 4.97553180552982E-5, 7.21872038820207E-5, 4.773955558494988E-5, 4.386706108762085E-5, 6.289067627549763E-5, 3.249429871796871E-5, 4.1934980591395805E-5, 4.355524317913298E-5, 3.05745755766496E-5, 2.409339463016361E-5, 1.0676663060773396E-4, 4.728306657302969E-5, 3.07134818609333E-5, 4.075979715446088E-5, 3.907613934520168E-5, 2.8529895275984096E-5, 4.147438507599503E-5, 2.91748520728807E-5, 2.034269682087066E-5, 4.113032138697131E-5, 5.214055722834081E-5, 2.3113129033937937E-5, 3.663037643844737E-5}, 
{1.4051694659274713E-5, 0.0, 4.899302210406233E-5, 2.913852836970711E-5, 6.738812775661944E-5, 1.675988498461483E-5, 2.410255476372384E-5, 8.182635054073088E-5, 1.1729254540214677E-5, 5.469310386196759E-5, 4.1016057703932786E-5, 2.665628252239175E-5, 2.213640618344046E-5, 6.411748101474082E-5, 5.3718528289012636E-5, 7.40276719514548E-5, 4.907067628795538E-5, 9.064363702885867E-5, 2.27218555259363E-5, 5.717106857017682E-5, 2.2154272412830918E-5, 2.5770909318656738E-5, 8.258542061542877E-5, 4.9118596435112785E-5, 2.991034968541925E-5, 4.9212046610886214E-5, 3.516523302248834E-5, 7.205968498792228E-5, 6.389028860902302E-5, 4.1161812507173434E-5, 4.558499867642262E-5, 4.658795358765063E-5, 4.815006115477439E-5, 4.178882236782833E-5, 3.0350475032289874E-5, 4.15886418058078E-5, 4.704502909050572E-5, 2.2956413983657832E-5, 1.2201704213412528E-4, 7.506633958560393E-5, 2.130752030763693E-5, 5.9436635469307666E-5, 7.213198692449823E-5, 4.765741147097044E-5, 5.0900181788841064E-5, 7.362032562014821E-5, 2.039135217839442E-5, 4.755834947574725E-5, 4.379809474776109E-5, 2.698135463337418E-5, 3.5339414484789435E-5}, 
{4.123145965483454E-5, 4.899302210406233E-5, 0.0, 4.3692976424170015E-5, 1.3633280416538193E-4, 2.4244784645181643E-5, 4.4245917533036264E-5, 2.3179062670566382E-4, 3.0514595254911713E-5, 7.340907890218036E-5, 8.657552648701705E-5, 4.34878570346424E-5, 4.938489122059897E-5, 1.11248978339761E-4, 8.462392857057839E-5, 1.4034218801457654E-4, 1.3203979249246466E-4, 8.287096494729868E-5, 4.372887236919034E-5, 1.100704895167177E-4, 4.33007855636179E-5, 5.509203637508801E-5, 1.5139924395347315E-4, 8.100716407617684E-5, 2.9987928797873436E-5, 9.946448149953176E-5, 6.710839748446897E-5, 8.511642224432725E-5, 1.2674196807912396E-4, 8.515780854945043E-5, 7.008976647905132E-5, 7.508469030010155E-5, 1.434592158308167E-4, 9.086146146185352E-5, 6.32820949707418E-5, 8.651810013283207E-5, 8.468365777402724E-5, 5.968813839843181E-5, 1.683556831976645E-4, 1.177303623069908E-4, 3.0053815842677932E-5, 1.7013323471200365E-4, 1.192814421974862E-4, 5.303428524233799E-5, 8.418962930308427E-5, 8.52169749955149E-5, 1.1495444057507276E-5, 7.329077898296118E-5, 7.52572439623516E-5, 8.613027916167757E-5, 5.914216223442005E-5}, 
{2.4103012923109685E-5, 2.913852836970711E-5, 4.3692976424170015E-5, 0.0, 6.102408414037773E-5, 2.2817403627383522E-5, 4.513864671095693E-5, 4.9566025440623776E-5, 2.315961259976718E-5, 3.715812852773625E-5, 5.8104643208860744E-5, 3.604455759770699E-5, 1.9178022736371513E-5, 6.42337906619147E-5, 6.176569221888925E-5, 9.370081545357092E-5, 4.1381429469130515E-5, 4.435442082033546E-5, 1.7178865569349567E-5, 7.566422601940663E-5, 2.3765487634530405E-5, 3.1831773936788755E-5, 8.121370312676536E-5, 4.191542418679057E-5, 2.238531188259007E-5, 4.579624955995799E-5, 4.0062110119945555E-5, 6.122110121045339E-5, 7.725543700105159E-5, 4.482252155686451E-5, 5.927568909616414E-5, 3.419957949021168E-5, 7.341131021124309E-5, 5.343718945011745E-5, 3.8033767111189356E-5, 4.424747890320887E-5, 2.629917829048167E-5, 3.5340117778312484E-5, 5.794095674884854E-5, 6.933010083631737E-5, 2.0364655419673467E-5, 6.064692429979165E-5, 5.991407318183883E-5, 2.0600012849526282E-5, 5.2449995809552675E-5, 4.369731474550275E-5, 1.3471311411012969E-5, 4.4040542058607166E-5, 4.883509765739683E-5, 4.9688158118730006E-5, 4.610007267447304E-5}, 
{4.42794935406469E-5, 6.738812775661944E-5, 1.3633280416538193E-4, 6.102408414037773E-5, 0.0, 1.5588347041056686E-5, 5.637914034652024E-5, 2.750988835149415E-4, 3.17240591918206E-5, 6.423978236177302E-5, 1.1798907622289499E-4, 5.203740300655223E-5, 4.985040282063809E-5, 1.1486993731833028E-4, 9.699095637394016E-5, 1.616372655297746E-4, 1.1813812262594042E-4, 1.2634089059701718E-4, 4.325657773708327E-5, 1.4350197501750432E-4, 6.508288546920551E-5, 6.4434785104994E-5, 1.8085550330393873E-4, 8.815705919306195E-5, 3.0292716992405644E-5, 1.4510110346884508E-4, 1.0386092851571115E-4, 1.0609117768995442E-4, 1.5022829229185942E-4, 9.142649834884978E-5, 9.255687655204797E-5, 9.30129000477558E-5, 1.5863194283161208E-4, 8.869551478873443E-5, 7.224314586976145E-5, 8.945507633336312E-5, 8.056428366446024E-5, 9.083908842280307E-5, 2.054631466507069E-4, 1.4192660525789706E-4, 1.8645535114584163E-5, 2.0284451351905582E-4, 1.5788955714460048E-4, 6.430467715461865E-5, 1.0961994605352675E-4, 9.052938887605747E-5, 4.439751610585836E-6, 8.406682908828927E-5, 8.217484503474681E-5, 1.1520017195487328E-4, 6.767099290022079E-5}, 
{2.8558808676059747E-5, 1.675988498461483E-5, 2.4244784645181643E-5, 2.2817403627383522E-5, 1.5588347041056686E-5, 0.0, 1.6506899323213678E-5, -2.23979071151973E-5, 9.461611096919149E-6, 5.0472079394541614E-5, 1.3188138637766364E-5, 2.3735848598056413E-5, 1.9616636763952974E-5, 3.918199624687778E-5, 3.010011641471803E-5, 3.579783038885003E-5, 1.4214604406938647E-5, 2.8329614658936178E-5, 2.704267681268808E-5, 3.105584136959993E-5, 7.771117563201484E-6, 2.296586813106489E-5, 4.6836313262756627E-5, 1.611691228190917E-5, 2.4889719973578492E-5, 2.0096193427832384E-5, 1.250134625963992E-5, 3.0491762411176966E-5, 2.8531244776639287E-5, 3.1303793092370235E-5, 3.235354129230409E-5, 2.534197277336144E-5, 2.5326982735681888E-5, 1.8671199147624608E-5, 2.1637082499604238E-5, 2.4653032982152748E-5, 1.9885562303311542E-5, 1.0558041222798332E-5, 4.222758853817072E-5, 2.3045946654444084E-5, 3.669016163414432E-5, 7.223236614565788E-6, 2.646315389347459E-5, 1.0269521668659155E-5, 2.204513023237365E-5, 1.9249142623836483E-5, 3.465740459525763E-5, 3.370868558945344E-5, 2.5512805712786104E-5, 2.0256028218231185E-5, 2.0766232350527552E-5}, 
{9.816213570912195E-6, 2.410255476372384E-5, 4.4245917533036264E-5, 4.513864671095693E-5, 5.637914034652024E-5, 1.6506899323213678E-5, 0.0, 2.5169873327215563E-4, -5.251633127461572E-6, 2.861290558915937E-5, 6.538866534542585E-5, 1.4753479012156613E-5, 2.0943616727487247E-6, 9.348849138346427E-5, 6.886306818275041E-5, 1.2501932064553744E-4, 8.756769983175632E-5, 9.447606065271894E-5, 5.346122067205299E-6, 1.0091123036687653E-4, -1.4036741262251505E-5, 8.900202707393727E-6, 1.0926069723851274E-4, 4.049225549542071E-5, 7.203739291421102E-6, 4.099311621530085E-5, 2.4420163180852294E-5, 3.687038278414669E-5, 1.1580346714942151E-4, 2.0484958596410643E-5, 3.519240067703032E-5, 3.9772486832473285E-5, 4.515143798578024E-5, 4.077382923475459E-5, 3.728391085965239E-6, 2.2746213884007516E-5, 3.1581569946015616E-5, 3.869206547457859E-5, 6.632014134345094E-5, 4.585954393704744E-5, 1.2775193855905763E-5, 8.173775286394091E-5, 1.0250864076297648E-4, 1.4162255779633297E-5, 4.203636523546446E-5, 3.539149854068458E-5, 1.0929459385916656E-5, 5.7899365106793624E-5, 2.184951179193041E-5, 4.376188056304796E-5, 2.6506038827108297E-5}, 
{1.7204349201354583E-5, 8.182635054073088E-5, 2.3179062670566382E-4, 4.9566025440623776E-5, 2.750988835149415E-4, -2.23979071151973E-5, 2.5169873327215563E-4, 0.0, -2.1766654202234422E-5, 5.407854819879614E-5, 1.968195050976971E-4, 1.8189819939571434E-5, 3.550742057483016E-5, 1.8687973347349994E-4, 1.7824395229917836E-4, 2.6426902131390846E-4, 3.0155085157564673E-4, 1.615220455425906E-4, 6.853887145971388E-5, 2.2829121183135577E-4, 1.1348862712123272E-4, 4.685789881894114E-5, 1.924853806768283E-4, 1.5443911509849863E-4, -1.8128775900452466E-5, 2.0370224681860364E-4, 1.1942679289659156E-4, 1.2411337299498654E-4, 3.1768637600274556E-4, 1.4632898739229432E-4, 1.4525619443574625E-4, 1.0699785885972395E-4, 1.814198778099763E-4, 5.883598160008643E-5, 1.1176550531134898E-4, 1.3492199304558321E-4, 1.0504220904352903E-4, 1.73214714376847E-4, 2.340491337369145E-4, 1.8869381379560065E-4, -6.550578830621707E-6, 2.9758984547044334E-4, 2.5769634872454855E-4, 6.228083393017552E-5, 1.2631788357573808E-4, 8.883292612749774E-5, -2.1365677657473372E-5, 1.1517672382437665E-4, 1.2355770985098856E-4, 1.2917730537285898E-4, 1.101455564538676E-4}, 
{2.082761725965556E-5, 1.1729254540214677E-5, 3.0514595254911713E-5, 2.315961259976718E-5, 3.17240591918206E-5, 9.461611096919149E-6, -5.251633127461572E-6, -2.1766654202234422E-5, 0.0, 1.3858687680542183E-5, 3.674583137140519E-5, 1.4034007063679677E-5, 1.945223509024141E-5, 2.2617613979111104E-5, 1.858653083912581E-5, 2.2240265270204715E-5, 2.706011863598612E-5, 2.6239318874267015E-5, 2.6173414461209945E-5, 1.8641190505370698E-5, 4.2086155848434896E-5, 2.1411073288818836E-5, 3.9464308582118734E-5, 2.840591543810205E-5, 1.989286875207897E-5, 3.4111199409853267E-5, 7.17008100686498E-5, 3.788939403024643E-5, 2.326863782006849E-5, 4.789933271655269E-5, 2.6575603335999496E-5, 1.372137463296345E-5, 6.371063410691009E-5, 5.210632956333611E-5, 4.539083413943817E-5, 2.1499494122103804E-5, 3.0050876762198357E-5, 3.759999494228864E-5, 7.774026044202718E-5, 4.7710026694034816E-5, 1.5460125117834646E-5, 4.103618789566508E-5, 1.3204147315333952E-5, 1.707462364277687E-5, 2.194018521168328E-5, 2.9186953923338715E-5, 1.3139050230529565E-5, 1.751682891435369E-5, 4.304792551777871E-5, 5.539282490107051E-5, 2.2227574827173087E-5}, 
{3.986894283299309E-5, 5.469310386196759E-5, 7.340907890218036E-5, 3.715812852773625E-5, 6.423978236177302E-5, 5.0472079394541614E-5, 2.861290558915937E-5, 5.407854819879614E-5, 1.3858687680542183E-5, 0.0, 5.432842701835532E-5, 3.861014225392074E-5, 3.476291998501998E-5, 9.65233496531453E-5, 7.341804196052211E-5, 9.140830164476276E-5, 7.441202073036525E-5, 7.047025482057459E-5, 4.607968820863422E-5, 9.829248641125005E-5, 4.4967854015687485E-5, 5.851897726748266E-5, 1.0713946100763442E-4, 5.491295363503719E-5, 3.7435119480795656E-5, 5.591312743471096E-5, 4.5126264880798435E-5, 7.714497202716455E-5, 9.605430409518874E-5, 6.015820140897922E-5, 7.169004934974254E-5, 5.234220133292088E-5, 9.01835535459169E-5, 5.65324656894877E-5, 3.873524190895271E-5, 4.838630841056272E-5, 5.021637824844071E-5, 3.7696796471622826E-5, 1.106580044544043E-4, 7.381469709484674E-5, 4.532229765431489E-5, 5.7302823116277016E-5, 9.104769643604428E-5, 3.1564646347396847E-5, 6.075794213245331E-5, 4.5495719980668946E-5, 3.321587165864423E-5, 7.192010132388136E-5, 5.70053760518204E-5, 4.977027894633961E-5, 4.7320888073276695E-5}, 
{4.158019425178974E-5, 4.1016057703932786E-5, 8.657552648701705E-5, 5.8104643208860744E-5, 1.1798907622289499E-4, 1.3188138637766364E-5, 6.538866534542585E-5, 1.968195050976971E-4, 3.674583137140519E-5, 5.432842701835532E-5, 0.0, 3.798435925992996E-5, 2.1197067587685615E-5, 8.070202791968193E-5, 6.69405639606589E-5, 1.2330470325935998E-4, 8.429368952959858E-5, 8.360773445252025E-5, 4.127175384230259E-5, 1.1718546824560022E-4, 4.4566068115162355E-5, 5.5905393276147855E-5, 1.1893543017818875E-4, 6.723140028553515E-5, 1.7374523152840035E-5, 7.586599449751898E-5, 1.193950694169845E-4, 7.908775383961645E-5, 1.1227186942383366E-4, 7.692506068452564E-5, 6.059028361114391E-5, 6.99226635026884E-5, 1.2002368011554269E-4, 9.019886722931586E-5, 4.7793769555761456E-5, 5.7946297812235725E-5, 6.814975253731408E-5, 6.490508464083059E-5, 1.493490673768486E-4, 1.1379466055373433E-4, 2.15178943528946E-5, 1.5133787006578933E-4, 1.1175072188444888E-4, 5.265680090732157E-5, 6.571956979437332E-5, 8.38795440687051E-5, 1.5289368446830032E-6, 6.673949542370147E-5, 7.340629538682222E-5, 7.941195229819462E-5, 5.338549552851351E-5}, 
{3.375617991476868E-5, 2.665628252239175E-5, 4.34878570346424E-5, 3.604455759770699E-5, 5.203740300655223E-5, 2.3735848598056413E-5, 1.4753479012156613E-5, 1.8189819939571434E-5, 1.4034007063679677E-5, 3.861014225392074E-5, 3.798435925992996E-5, 0.0, 2.61077002709397E-5, 4.4378962239056814E-5, 4.1384454104002165E-5, 5.8546010817732985E-5, 2.0884056234535287E-5, 3.335991052967168E-5, 2.5339526613579562E-5, 5.163275351964623E-5, 1.443958547758037E-5, 3.0855214769331377E-5, 6.107111227804062E-5, 3.55962691492299E-5, 3.329183694922681E-5, 4.461451037520524E-5, 4.9211793600895096E-5, 4.685396200062807E-5, 4.499370169641969E-5, 4.299391172835247E-5, 2.8908068343427524E-5, 3.710853216351988E-5, 5.283670490415337E-5, 4.950888164099773E-5, 3.7123443658115925E-5, 4.110707293703072E-5, 3.849433221990352E-5, 3.1305987597270815E-5, 7.711389148880718E-5, 4.841523526515085E-5, 2.689729900881063E-5, 5.853255852503622E-5, 4.230543820013909E-5, 3.1849699197201696E-5, 4.2371111375951394E-5, 3.259522780443618E-5, 1.8120367898362822E-5, 4.000923059507427E-5, 3.578454906059694E-5, 4.383833907539489E-5, 2.7159510320963783E-5}, 
{1.70004169749856E-5, 2.213640618344046E-5, 4.938489122059897E-5, 1.9178022736371513E-5, 4.985040282063809E-5, 1.9616636763952974E-5, 2.0943616727487247E-6, 3.550742057483016E-5, 1.945223509024141E-5, 3.476291998501998E-5, 2.1197067587685615E-5, 2.61077002709397E-5, 0.0, 3.8059062447168235E-5, 3.4203044245200336E-5, 4.7742857026468664E-5, 2.647693923115745E-5, 3.407995836476723E-5, 1.6534506793178798E-5, 2.4376808913365607E-5, 1.2344632077930266E-5, 2.371339105158026E-5, 4.9246312044708645E-5, 3.040918390804625E-5, 2.823470873722309E-5, 3.524754319969948E-5, 3.5719292973391215E-5, 4.247586902091302E-5, 3.159648243345958E-5, 2.9215215576264685E-5, 1.9272352957503364E-5, 3.120912939243049E-5, 3.927553170183583E-5, 2.0327490998003926E-5, 2.644895481096433E-5, 3.312663887653537E-5, 3.104012550393139E-5, 2.539005355183205E-5, 6.774715349815707E-5, 4.17204342853655E-5, 2.157432243590286E-5, 2.9764699059079624E-5, 4.250223766661866E-5, 2.369731243087674E-5, 3.1823028351173795E-5, 2.9629098104080276E-5, 1.2121900355751236E-5, 2.522091826327679E-5, 3.2299563269297304E-5, 1.8277252099044647E-5, 2.8756312381808745E-5}, 
{5.095454239823382E-5, 6.411748101474082E-5, 1.11248978339761E-4, 6.42337906619147E-5, 1.1486993731833028E-4, 3.918199624687778E-5, 9.348849138346427E-5, 1.8687973347349994E-4, 2.2617613979111104E-5, 9.65233496531453E-5, 8.070202791968193E-5, 4.4378962239056814E-5, 3.8059062447168235E-5, 0.0, 9.800005510746428E-5, 1.499406673699592E-4, 1.2612306686108675E-4, 1.9800616779412647E-4, 5.241985587590423E-5, 1.8260388549499052E-4, -5.751432668719422E-8, 5.79864816235211E-5, 2.1744153526901926E-4, 7.681607776099028E-5, 3.193015396727849E-5, 9.333674541774538E-5, 7.049724327601905E-5, 1.11099374031773E-4, 1.7120292363300178E-4, 7.112916030343904E-5, 8.835927531537977E-5, 8.771724037789989E-5, 1.2889506069274187E-4, 7.475523933221168E-5, 4.185339823829856E-5, 5.896754484984738E-5, 7.460582293038145E-5, 5.360248899063432E-5, 1.534259444694406E-4, 1.1746210715267188E-4, 3.9214007875462795E-5, 1.6360735206263178E-4, 2.0994817028255794E-4, 5.6400597229514434E-5, 9.21552134640259E-5, 8.851630170393185E-5, 2.5404817697318147E-5, 1.1824153649732377E-4, 7.844141026334064E-5, 1.2178728528869659E-4, 6.445125183499266E-5}, 
{5.197651067296109E-5, 5.3718528289012636E-5, 8.462392857057839E-5, 6.176569221888925E-5, 9.699095637394016E-5, 3.010011641471803E-5, 6.886306818275041E-5, 1.7824395229917836E-4, 1.858653083912581E-5, 7.341804196052211E-5, 6.69405639606589E-5, 4.1384454104002165E-5, 3.4203044245200336E-5, 9.800005510746428E-5, 0.0, 1.2826751532439416E-4, 1.0615452170066665E-4, 1.1023670344869127E-4, 4.439643613747806E-5, 1.017374970774094E-4, 5.4550876667907516E-5, 5.549803289341398E-5, 1.2796938207498886E-4, 9.235337447571574E-5, 3.3237288288989097E-5, 6.323798677233385E-5, 6.853620598298075E-5, 1.1214529080382071E-4, 1.261465463511261E-4, 9.447722127538504E-5, 6.611525841384848E-5, 6.078904885532356E-5, 1.0492169023575295E-4, 5.349732726122349E-5, 4.6009986201267615E-5, 8.014472359085337E-5, 6.871942986007468E-5, 5.250145838108907E-5, 1.4454553654387855E-4, 9.942468731929875E-5, 3.5516192409356877E-5, 1.159936166567514E-4, 1.043292278484252E-4, 4.905926947629826E-5, 7.083243322857025E-5, 5.555896347309731E-5, 1.5230121138195398E-5, 7.400278881902144E-5, 6.633187805349744E-5, 6.284365153622353E-5, 5.887018191356009E-5}, 
{5.75788832937124E-5, 7.40276719514548E-5, 1.4034218801457654E-4, 9.370081545357092E-5, 1.616372655297746E-4, 3.579783038885003E-5, 1.2501932064553744E-4, 2.6426902131390846E-4, 2.2240265270204715E-5, 9.140830164476276E-5, 1.2330470325935998E-4, 5.8546010817732985E-5, 4.7742857026468664E-5, 1.499406673699592E-4, 1.2826751532439416E-4, 0.0, 1.7603167912306445E-4, 1.35927362371322E-4, 6.34949219946147E-5, 1.9821366334929475E-4, 5.249616915876749E-5, 7.751749244825612E-5, 2.0519098465112166E-4, 1.0808344959145863E-4, 3.4697061729644417E-5, 1.1612712221063096E-4, 1.1545682445605415E-4, 1.3257625192594606E-4, 1.9317400487101733E-4, 1.0926788939744584E-4, 1.2136362032109841E-4, 1.0163970015275998E-4, 1.843856973577107E-4, 1.2501610980686592E-4, 7.600908192487308E-5, 1.1528241652655787E-4, 8.119241290798557E-5, 6.402374766755183E-5, 2.4166304293048315E-4, 1.3831610176828418E-4, 3.9846887493326785E-5, 1.9990931415915029E-4, 1.7842720297540666E-4, 7.665841180096506E-5, 1.302811544315257E-4, 1.2284394222328868E-4, 1.650004592806306E-5, 1.1677593443186029E-4, 9.354337011597569E-5, 1.337505689218527E-4, 8.971513802427563E-5}, 
{4.5508184982678066E-5, 4.907067628795538E-5, 1.3203979249246466E-4, 4.1381429469130515E-5, 1.1813812262594042E-4, 1.4214604406938647E-5, 8.756769983175632E-5, 3.0155085157564673E-4, 2.706011863598612E-5, 7.441202073036525E-5, 8.429368952959858E-5, 2.0884056234535287E-5, 2.647693923115745E-5, 1.2612306686108675E-4, 1.0615452170066665E-4, 1.7603167912306445E-4, 0.0, 1.30467309990852E-4, 2.4036331794473594E-5, 1.8077416279057258E-4, 5.582275389646548E-5, 5.7237330293195166E-5, 1.8250714788471922E-4, 8.475456756178648E-5, 2.402151566305013E-5, 8.803409378936803E-5, 8.313166246438839E-5, 1.1608019408699078E-4, 1.6610835337826398E-4, 1.0340518506042624E-4, 6.993338105119127E-5, 7.386641536115014E-5, 1.4650011284437356E-4, 7.692981754359396E-5, 3.601051830605982E-5, 7.405365431414303E-5, 6.581554346025768E-5, 5.392995128357736E-5, 1.5594179106024375E-4, 1.0179776659118047E-4, 1.5050580388823884E-5, 1.3692540625112918E-4, 1.8221031193794981E-4, 5.907979713943395E-5, 8.584178411312945E-5, 9.926890542719563E-5, 3.3764426061222054E-6, 1.0465166728964143E-4, 6.317221885613695E-5, 9.231752865900201E-5, 6.116615125935025E-5}, 
{5.781424626229689E-5, 9.064363702885867E-5, 8.287096494729868E-5, 4.435442082033546E-5, 1.2634089059701718E-4, 2.8329614658936178E-5, 9.447606065271894E-5, 1.615220455425906E-4, 2.6239318874267015E-5, 7.047025482057459E-5, 8.360773445252025E-5, 3.335991052967168E-5, 3.407995836476723E-5, 1.9800616779412647E-4, 1.1023670344869127E-4, 1.35927362371322E-4, 1.30467309990852E-4, 0.0, 4.7289840526668036E-5, 1.689392655108964E-4, -1.4528482348842189E-5, 4.422673487373933E-5, 2.3218193743647058E-4, 7.126703720779562E-5, 3.554589323147126E-5, 7.975714287235056E-5, 8.508320067993502E-5, 1.0874347125625978E-4, 1.2420249656094591E-4, 9.487257854542764E-5, 5.9379420879580355E-5, 7.834574153124526E-5, 1.0695345361297797E-4, 5.609463661203122E-5, 2.6676061691783125E-5, 8.138439410725938E-5, 6.61197226697976E-5, 5.1393995438036925E-5, 1.690980538621513E-4, 1.1772464965346338E-4, 3.440107697918554E-5, 1.484746565658113E-4, 1.8959655898819294E-4, 5.834790355950228E-5, 7.886564816771806E-5, 7.637645659503309E-5, 1.0979731703899615E-5, 9.722724604349215E-5, 8.7011938551818E-5, 1.0358824184134678E-4, 3.659229922338991E-5}, 
{6.065526792480159E-5, 2.27218555259363E-5, 4.372887236919034E-5, 1.7178865569349567E-5, 4.325657773708327E-5, 2.704267681268808E-5, 5.346122067205299E-6, 6.853887145971388E-5, 2.6173414461209945E-5, 4.607968820863422E-5, 4.127175384230259E-5, 2.5339526613579562E-5, 1.6534506793178798E-5, 5.241985587590423E-5, 4.439643613747806E-5, 6.34949219946147E-5, 2.4036331794473594E-5, 4.7289840526668036E-5, 0.0, 5.6742269453244236E-5, 6.706073069537858E-5, 6.61408889645858E-5, 6.731865674543315E-5, 3.0194300802378007E-5, 1.7514389524969993E-5, 3.712241164837811E-5, 4.862907629447316E-5, 5.379812584009125E-5, 5.1763778664540424E-5, 5.541205104989216E-5, 4.929934404342825E-5, 4.074446630944888E-5, 6.549429263675063E-5, 4.187241437302614E-5, 4.005156394254659E-5, 4.572978920405801E-5, 2.289365765857929E-5, 1.6849824635490146E-5, 1.1002041352608795E-4, 5.728351682749479E-5, 2.4890318577284775E-5, 2.7779834959884432E-5, 5.060256345164957E-5, 1.8193097791087135E-5, 3.476654394102255E-5, 4.7769468308599734E-5, 1.3861593614035145E-5, 3.854094089328745E-5, 4.725472141451512E-5, 4.2837714840861035E-5, 3.1874519289605545E-5}, 
{5.37909973494129E-5, 5.717106857017682E-5, 1.100704895167177E-4, 7.566422601940663E-5, 1.4350197501750432E-4, 3.105584136959993E-5, 1.0091123036687653E-4, 2.2829121183135577E-4, 1.8641190505370698E-5, 9.829248641125005E-5, 1.1718546824560022E-4, 5.163275351964623E-5, 2.4376808913365607E-5, 1.8260388549499052E-4, 1.017374970774094E-4, 1.9821366334929475E-4, 1.8077416279057258E-4, 1.689392655108964E-4, 5.6742269453244236E-5, 0.0, 3.2829551434924504E-5, 6.848215277246459E-5, 2.343064621813786E-4, 8.796767099072081E-5, 3.1240720229739136E-5, 1.0874166958559518E-4, 1.0670231108533407E-4, 1.4572694673169463E-4, 2.0532083542277747E-4, 1.1312414836392966E-4, 1.1974931589941877E-4, 8.772681463536063E-5, 1.6820377159324046E-4, 9.971011450122867E-5, 7.232993715384948E-5, 8.713145673249443E-5, 8.274603241564513E-5, 6.655968522152317E-5, 1.9519506192171188E-4, 1.3292592332608935E-4, 2.9522761028727774E-5, 1.9574128780571089E-4, 2.393075528305702E-4, 6.12128878686096E-5, 1.0541311580848607E-4, 1.0490974046097015E-4, 1.5492218092946023E-5, 1.2341189318383443E-4, 8.063994615875631E-5, 1.0976886755684582E-4, 8.569662607335013E-5}, 
{6.075711197722494E-5, 2.2154272412830918E-5, 4.33007855636179E-5, 2.3765487634530405E-5, 6.508288546920551E-5, 7.771117563201484E-6, -1.4036741262251505E-5, 1.1348862712123272E-4, 4.2086155848434896E-5, 4.4967854015687485E-5, 4.4566068115162355E-5, 1.443958547758037E-5, 1.2344632077930266E-5, -5.751432668719422E-8, 5.4550876667907516E-5, 5.249616915876749E-5, 5.582275389646548E-5, -1.4528482348842189E-5, 6.706073069537858E-5, 3.2829551434924504E-5, 0.0, 7.713665247926748E-5, -1.1005888757443553E-5, 4.6672206903123496E-5, 7.609804073546772E-6, 3.5421632218913647E-5, 6.203232550103935E-5, 6.07203622980382E-5, 6.977496075998039E-5, 6.424990153520921E-5, 7.710074908338423E-5, 5.616309381547955E-5, 1.1092746956119338E-4, 1.599734230119872E-5, 1.0236391444064218E-4, 3.7238684958444515E-5, 6.0344725259951254E-5, 5.648898515568749E-5, 1.8335254079085073E-4, 9.085049547758221E-5, 2.045810275223742E-5, 6.695766234681477E-5, -1.8376902037553527E-5, 3.7346774975269035E-5, 6.023867072487774E-5, 8.338192941329557E-5, 7.225704507851208E-6, 7.85045942436325E-6, 4.8409081196326216E-5, 2.3595369523398348E-5, 5.560190391308304E-5}, 
{6.218793757183147E-5, 2.5770909318656738E-5, 5.509203637508801E-5, 3.1831773936788755E-5, 6.4434785104994E-5, 2.296586813106489E-5, 8.900202707393727E-6, 4.685789881894114E-5, 2.1411073288818836E-5, 5.851897726748266E-5, 5.5905393276147855E-5, 3.0855214769331377E-5, 2.371339105158026E-5, 5.79864816235211E-5, 5.549803289341398E-5, 7.751749244825612E-5, 5.7237330293195166E-5, 4.422673487373933E-5, 6.61408889645858E-5, 6.848215277246459E-5, 7.713665247926748E-5, 0.0, 7.722262445790392E-5, 3.429214898406211E-5, 2.4240839264234737E-5, 4.021883560026597E-5, 5.151528029253364E-5, 6.741867862026263E-5, 6.751970308304083E-5, 6.333652881504658E-5, 6.547041426315207E-5, 5.404902796409312E-5, 8.390592213000075E-5, 4.6981141603480206E-5, 5.639776140524033E-5, 5.30690395874151E-5, 3.678057777498917E-5, 3.05606642348348E-5, 1.4071875237826114E-4, 7.773644659295443E-5, 2.5694503357026435E-5, 5.638821379280104E-5, 6.243778409432618E-5, 3.146637211309094E-5, 4.78101721512594E-5, 5.341141870352341E-5, 8.314111887867717E-6, 4.304450110314228E-5, 5.311489888409841E-5, 4.208284366153071E-5, 4.069469718464906E-5}, 
{6.645041889091169E-5, 8.258542061542877E-5, 1.5139924395347315E-4, 8.121370312676536E-5, 1.8085550330393873E-4, 4.6836313262756627E-5, 1.0926069723851274E-4, 1.924853806768283E-4, 3.9464308582118734E-5, 1.0713946100763442E-4, 1.1893543017818875E-4, 6.107111227804062E-5, 4.9246312044708645E-5, 2.1744153526901926E-4, 1.2796938207498886E-4, 2.0519098465112166E-4, 1.8250714788471922E-4, 2.3218193743647058E-4, 6.731865674543315E-5, 2.343064621813786E-4, -1.1005888757443553E-5, 7.722262445790392E-5, 0.0, 1.0236773094280222E-4, 4.4637230882318065E-5, 1.316037061938293E-4, 1.0168700894882863E-4, 1.5753320668952266E-4, 1.9565969204060236E-4, 1.0774012981422675E-4, 1.0176020810621291E-4, 1.1622230950989182E-4, 1.8066253169669812E-4, 1.2172146675666456E-4, 7.535955950924001E-5, 9.612262445308947E-5, 1.0478022032680056E-4, 5.66958012968121E-5, 2.2184430876588394E-4, 1.668723082768426E-4, 4.7989545127538986E-5, 2.1158756465424218E-4, 2.4784821691573744E-4, 7.159957872754456E-5, 1.2439793999644553E-4, 1.168050357671894E-4, 2.381947054693849E-5, 1.4284428540591243E-4, 1.0910758330953706E-4, 1.1572985703835922E-4, 9.064838233480779E-5}, 
{2.953777356408373E-5, 4.9118596435112785E-5, 8.100716407617684E-5, 4.191542418679057E-5, 8.815705919306195E-5, 1.611691228190917E-5, 4.049225549542071E-5, 1.5443911509849863E-4, 2.840591543810205E-5, 5.491295363503719E-5, 6.723140028553515E-5, 3.55962691492299E-5, 3.040918390804625E-5, 7.681607776099028E-5, 9.235337447571574E-5, 1.0808344959145863E-4, 8.475456756178648E-5, 7.126703720779562E-5, 3.0194300802378007E-5, 8.796767099072081E-5, 4.6672206903123496E-5, 3.429214898406211E-5, 1.0236773094280222E-4, 0.0, 3.5769982367472575E-5, 6.547283127150452E-5, 6.030888442537756E-5, 7.426390784464468E-5, 1.096189120368099E-4, 6.360432565989821E-5, 7.281514248916334E-5, 5.80953042717583E-5, 1.1833594032416276E-4, 6.347374818627356E-5, 5.185497160791728E-5, 6.375818417485139E-5, 6.043831394488943E-5, 4.62782904488616E-5, 1.2472950710602578E-4, 8.198039258265597E-5, 1.7675869230379904E-5, 9.01667113840593E-5, 1.01682099978199E-4, 4.358800399916672E-5, 7.288381834749174E-5, 6.052941198012006E-5, 1.2980342062623282E-5, 5.822773978847183E-5, 5.78310088931097E-5, 6.0820722415833375E-5, 4.806196751701836E-5}, 
{2.5041565229511267E-5, 2.991034968541925E-5, 2.9987928797873436E-5, 2.238531188259007E-5, 3.0292716992405644E-5, 2.4889719973578492E-5, 7.203739291421102E-6, -1.8128775900452466E-5, 1.989286875207897E-5, 3.7435119480795656E-5, 1.7374523152840035E-5, 3.329183694922681E-5, 2.823470873722309E-5, 3.193015396727849E-5, 3.3237288288989097E-5, 3.4697061729644417E-5, 2.402151566305013E-5, 3.554589323147126E-5, 1.7514389524969993E-5, 3.1240720229739136E-5, 7.609804073546772E-6, 2.4240839264234737E-5, 4.4637230882318065E-5, 3.5769982367472575E-5, 0.0, 3.2294407930395226E-5, 3.029923137730206E-5, 3.3874310414970686E-5, 2.6296214631321244E-5, 4.345125058286458E-5, 3.5170917675431925E-5, 3.122440483820201E-5, 3.7998464194349074E-5, 1.4128706986290863E-5, 1.9236354684570546E-5, 3.335457443829467E-5, 3.136340692864947E-5, 2.389513199075877E-5, 6.425498379261822E-5, 4.669855451239314E-5, 2.62917491235022E-5, 2.13539040261432E-6, 4.091981071469606E-5, 2.449019347630114E-5, 3.220426595884991E-5, 1.9667354058935297E-5, 1.8996493949787772E-5, 3.684630934350754E-5, 4.107516272585773E-5, 1.2797428008756119E-5, 1.3828183722189785E-5}, 
{2.9944014085718337E-5, 4.9212046610886214E-5, 9.946448149953176E-5, 4.579624955995799E-5, 1.4510110346884508E-4, 2.0096193427832384E-5, 4.099311621530085E-5, 2.0370224681860364E-4, 3.4111199409853267E-5, 5.591312743471096E-5, 7.586599449751898E-5, 4.461451037520524E-5, 3.524754319969948E-5, 9.333674541774538E-5, 6.323798677233385E-5, 1.1612712221063096E-4, 8.803409378936803E-5, 7.975714287235056E-5, 3.712241164837811E-5, 1.0874166958559518E-4, 3.5421632218913647E-5, 4.021883560026597E-5, 1.316037061938293E-4, 6.547283127150452E-5, 3.2294407930395226E-5, 0.0, 8.133162963309021E-5, 8.196316327033572E-5, 1.1151118944166449E-4, 7.664369108329239E-5, 8.278482842366272E-5, 6.711087722241907E-5, 1.1758713122268515E-4, 6.630877216776791E-5, 4.519106693908662E-5, 6.61189034420256E-5, 7.079522228648324E-5, 6.697016981901722E-5, 1.5355612037436746E-4, 9.706044365742733E-5, 2.22919924831774E-5, 1.4533452078137395E-4, 1.2472961906246505E-4, 5.5661742792037704E-5, 7.441211672156356E-5, 6.585754333948911E-5, 1.5571441933585545E-5, 7.590102153380884E-5, 5.521990851669683E-5, 1.0147914121559154E-4, 5.263535125084321E-5}, 
{4.136062461219299E-5, 3.516523302248834E-5, 6.710839748446897E-5, 4.0062110119945555E-5, 1.0386092851571115E-4, 1.250134625963992E-5, 2.4420163180852294E-5, 1.1942679289659156E-4, 7.17008100686498E-5, 4.5126264880798435E-5, 1.193950694169845E-4, 4.9211793600895096E-5, 3.5719292973391215E-5, 7.049724327601905E-5, 6.853620598298075E-5, 1.1545682445605415E-4, 8.313166246438839E-5, 8.508320067993502E-5, 4.862907629447316E-5, 1.0670231108533407E-4, 6.203232550103935E-5, 5.151528029253364E-5, 1.0168700894882863E-4, 6.030888442537756E-5, 3.029923137730206E-5, 8.133162963309021E-5, 0.0, 9.981832495759123E-5, 8.938192735354122E-5, 7.953025782970579E-5, 6.299825252200025E-5, 4.885647806996148E-5, 1.1981340725496852E-4, 8.511522195801202E-5, 7.94995490911613E-5, 8.357656702321961E-5, 6.122398528336551E-5, 5.549704930954803E-5, 1.6349091331020995E-4, 1.0038850936404963E-4, 3.363278164177402E-5, 1.0560226282305696E-4, 9.661428641881276E-5, 2.6325972925511514E-5, 7.513337845950298E-5, 4.715164601367827E-5, -3.3806868150045983E-6, 6.590181931605713E-5, 7.677885987756102E-5, 1.1128884321870711E-4, 5.989321417449796E-5}, 
{6.404883354139265E-5, 7.205968498792228E-5, 8.511642224432725E-5, 6.122110121045339E-5, 1.0609117768995442E-4, 3.0491762411176966E-5, 3.687038278414669E-5, 1.2411337299498654E-4, 3.788939403024643E-5, 7.714497202716455E-5, 7.908775383961645E-5, 4.685396200062807E-5, 4.247586902091302E-5, 1.11099374031773E-4, 1.1214529080382071E-4, 1.3257625192594606E-4, 1.1608019408699078E-4, 1.0874347125625978E-4, 5.379812584009125E-5, 1.4572694673169463E-4, 6.07203622980382E-5, 6.741867862026263E-5, 1.5753320668952266E-4, 7.426390784464468E-5, 3.3874310414970686E-5, 8.196316327033572E-5, 9.981832495759123E-5, 0.0, 1.3785458005502246E-4, 9.723954491424298E-5, 9.09861317856107E-5, 7.811463548713286E-5, 1.263673990628612E-4, 8.852731675980888E-5, 5.7538163387140227E-5, 9.030918627440148E-5, 6.855614247375295E-5, 3.938329007950749E-5, 2.0895942106496397E-4, 1.1781798625845262E-4, 3.168962962312897E-5, 9.996500265733805E-5, 1.226685752470582E-4, 5.342378763492219E-5, 7.811457277932866E-5, 8.141990758885117E-5, 1.7256408789934705E-5, 8.552461519105558E-5, 7.392495839263556E-5, 7.669102515121718E-5, 1.1396571055489522E-4}, 
{4.97553180552982E-5, 6.389028860902302E-5, 1.2674196807912396E-4, 7.725543700105159E-5, 1.5022829229185942E-4, 2.8531244776639287E-5, 1.1580346714942151E-4, 3.1768637600274556E-4, 2.326863782006849E-5, 9.605430409518874E-5, 1.1227186942383366E-4, 4.499370169641969E-5, 3.159648243345958E-5, 1.7120292363300178E-4, 1.261465463511261E-4, 1.9317400487101733E-4, 1.6610835337826398E-4, 1.2420249656094591E-4, 5.1763778664540424E-5, 2.0532083542277747E-4, 6.977496075998039E-5, 6.751970308304083E-5, 1.9565969204060236E-4, 1.096189120368099E-4, 2.6296214631321244E-5, 1.1151118944166449E-4, 8.938192735354122E-5, 1.3785458005502246E-4, 0.0, 1.0151126387460614E-4, 1.290278255368186E-4, 1.0176429599187078E-4, 1.8420895444699008E-4, 9.546414298397342E-5, 7.037720464852394E-5, 9.54738680642957E-5, 8.983455532753348E-5, 8.0813208205445E-5, 2.0514773585383065E-4, 1.4191197701328686E-4, 2.500967007458728E-5, 1.6853217075024794E-4, 2.0354197530686834E-4, 6.092636178004479E-5, 1.1973218524170045E-4, 1.0315378667838261E-4, 1.8897385738488587E-5, 1.2320067545252194E-4, 7.938945255300489E-5, 1.2027060038806157E-4, 9.362266522877204E-5}, 
{7.21872038820207E-5, 4.1161812507173434E-5, 8.515780854945043E-5, 4.482252155686451E-5, 9.142649834884978E-5, 3.1303793092370235E-5, 2.0484958596410643E-5, 1.4632898739229432E-4, 4.789933271655269E-5, 6.015820140897922E-5, 7.692506068452564E-5, 4.299391172835247E-5, 2.9215215576264685E-5, 7.112916030343904E-5, 9.447722127538504E-5, 1.0926788939744584E-4, 1.0340518506042624E-4, 9.487257854542764E-5, 5.541205104989216E-5, 1.1312414836392966E-4, 6.424990153520921E-5, 6.333652881504658E-5, 1.0774012981422675E-4, 6.360432565989821E-5, 4.345125058286458E-5, 7.664369108329239E-5, 7.953025782970579E-5, 9.723954491424298E-5, 1.0151126387460614E-4, 0.0, 5.5228751121051343E-5, 6.148108077886612E-5, 1.0926036949321714E-4, 7.214038427819169E-5, 4.597362274612733E-5, 9.323838361135338E-5, 6.368051377877956E-5, 6.850887814405177E-5, 1.823199818466404E-4, 8.873511612963936E-5, 3.4207780783876795E-5, 1.2055531499450075E-4, 9.006633786960538E-5, 5.4082401142455355E-5, 5.851900952427512E-5, 5.7309621871378567E-5, 2.0726565432674557E-5, 6.645418577911466E-5, 8.792656855191887E-5, 8.404272915217354E-5, 6.092188559711862E-5}, 
{4.773955558494988E-5, 4.558499867642262E-5, 7.008976647905132E-5, 5.927568909616414E-5, 9.255687655204797E-5, 3.235354129230409E-5, 3.519240067703032E-5, 1.4525619443574625E-4, 2.6575603335999496E-5, 7.169004934974254E-5, 6.059028361114391E-5, 2.8908068343427524E-5, 1.9272352957503364E-5, 8.835927531537977E-5, 6.611525841384848E-5, 1.2136362032109841E-4, 6.993338105119127E-5, 5.9379420879580355E-5, 4.929934404342825E-5, 1.1974931589941877E-4, 7.710074908338423E-5, 6.547041426315207E-5, 1.0176020810621291E-4, 7.281514248916334E-5, 3.5170917675431925E-5, 8.278482842366272E-5, 6.299825252200025E-5, 9.09861317856107E-5, 1.290278255368186E-4, 5.5228751121051343E-5, 0.0, 6.298570738925696E-5, 1.2657342539960397E-4, 7.150959509312393E-5, 9.66759326946743E-5, 6.797505140571824E-5, 5.9207246744375756E-5, 4.332320113292882E-5, 1.4290854633617435E-4, 1.0342591779740076E-4, 3.221176919177871E-5, 9.834997462036018E-5, 9.293229674762946E-5, 4.999212967753337E-5, 7.63281926177018E-5, 6.767879659256051E-5, 2.2308436801649606E-5, 6.708563409281443E-5, 6.622613229526826E-5, 6.978928618429964E-5, 6.846591916364254E-5}, 
{4.386706108762085E-5, 4.658795358765063E-5, 7.508469030010155E-5, 3.419957949021168E-5, 9.30129000477558E-5, 2.534197277336144E-5, 3.9772486832473285E-5, 1.0699785885972395E-4, 1.372137463296345E-5, 5.234220133292088E-5, 6.99226635026884E-5, 3.710853216351988E-5, 3.120912939243049E-5, 8.771724037789989E-5, 6.078904885532356E-5, 1.0163970015275998E-4, 7.386641536115014E-5, 7.834574153124526E-5, 4.074446630944888E-5, 8.772681463536063E-5, 5.616309381547955E-5, 5.404902796409312E-5, 1.1622230950989182E-4, 5.80953042717583E-5, 3.122440483820201E-5, 6.711087722241907E-5, 4.885647806996148E-5, 7.811463548713286E-5, 1.0176429599187078E-4, 6.148108077886612E-5, 6.298570738925696E-5, 0.0, 9.606381772994159E-5, 5.233843256776956E-5, 4.5730669399586134E-5, 6.199938786110459E-5, 6.652480357810221E-5, 3.9373241389600736E-5, 1.3592478343193792E-4, 8.207401944145882E-5, 2.5833090978543636E-5, 1.0057868761141407E-4, 9.079014430712052E-5, 5.9918862368702555E-5, 6.9074604528575E-5, 7.905453297188783E-5, 1.4381513283396072E-5, 6.392424164829937E-5, 5.519350793949792E-5, 5.9226067328583415E-5, 5.3579968110730114E-5}, 
{6.289067627549763E-5, 4.815006115477439E-5, 1.434592158308167E-4, 7.341131021124309E-5, 1.5863194283161208E-4, 2.5326982735681888E-5, 4.515143798578024E-5, 1.814198778099763E-4, 6.371063410691009E-5, 9.01835535459169E-5, 1.2002368011554269E-4, 5.283670490415337E-5, 3.927553170183583E-5, 1.2889506069274187E-4, 1.0492169023575295E-4, 1.843856973577107E-4, 1.4650011284437356E-4, 1.0695345361297797E-4, 6.549429263675063E-5, 1.6820377159324046E-4, 1.1092746956119338E-4, 8.390592213000075E-5, 1.8066253169669812E-4, 1.1833594032416276E-4, 3.7998464194349074E-5, 1.1758713122268515E-4, 1.1981340725496852E-4, 1.263673990628612E-4, 1.8420895444699008E-4, 1.0926036949321714E-4, 1.2657342539960397E-4, 9.606381772994159E-5, 0.0, 1.0894580594378336E-4, 1.1170676748480451E-4, 1.0921065306125589E-4, 1.0525957484058444E-4, 7.587129979337905E-5, 2.3349581822443142E-4, 1.5876706225637053E-4, 3.143289179946324E-5, 1.7146969932080907E-4, 1.521194037453047E-4, 5.828715987323392E-5, 1.1632182904854366E-4, 1.1718920342047E-4, 1.750681935293827E-5, 9.307633789957124E-5, 9.907156509307731E-5, 1.2610687678594277E-4, 7.810010781587682E-5}, 
{3.249429871796871E-5, 4.178882236782833E-5, 9.086146146185352E-5, 5.343718945011745E-5, 8.869551478873443E-5, 1.8671199147624608E-5, 4.077382923475459E-5, 5.883598160008643E-5, 5.210632956333611E-5, 5.65324656894877E-5, 9.019886722931586E-5, 4.950888164099773E-5, 2.0327490998003926E-5, 7.475523933221168E-5, 5.349732726122349E-5, 1.2501610980686592E-4, 7.692981754359396E-5, 5.609463661203122E-5, 4.187241437302614E-5, 9.971011450122867E-5, 1.599734230119872E-5, 4.6981141603480206E-5, 1.2172146675666456E-4, 6.347374818627356E-5, 1.4128706986290863E-5, 6.630877216776791E-5, 8.511522195801202E-5, 8.852731675980888E-5, 9.546414298397342E-5, 7.214038427819169E-5, 7.150959509312393E-5, 5.233843256776956E-5, 1.0894580594378336E-4, 0.0, 6.556132533001138E-5, 7.043372148802749E-5, 6.146886521631105E-5, 5.3793596448324905E-5, 1.670269079408738E-4, 8.70985179829E-5, 2.6111014854706774E-5, 1.2069701471278828E-4, 7.930867139788848E-5, 5.406977035601073E-5, 6.62275369415608E-5, 7.196063297892647E-5, 7.978772394775711E-6, 6.851386333751427E-5, 5.6035332116850814E-5, 1.0438015924394568E-4, 5.86062950207495E-5}, 
{4.1934980591395805E-5, 3.0350475032289874E-5, 6.32820949707418E-5, 3.8033767111189356E-5, 7.224314586976145E-5, 2.1637082499604238E-5, 3.728391085965239E-6, 1.1176550531134898E-4, 4.539083413943817E-5, 3.873524190895271E-5, 4.7793769555761456E-5, 3.7123443658115925E-5, 2.644895481096433E-5, 4.185339823829856E-5, 4.6009986201267615E-5, 7.600908192487308E-5, 3.601051830605982E-5, 2.6676061691783125E-5, 4.005156394254659E-5, 7.232993715384948E-5, 1.0236391444064218E-4, 5.639776140524033E-5, 7.535955950924001E-5, 5.185497160791728E-5, 1.9236354684570546E-5, 4.519106693908662E-5, 7.94995490911613E-5, 5.7538163387140227E-5, 7.037720464852394E-5, 4.597362274612733E-5, 9.66759326946743E-5, 4.5730669399586134E-5, 1.1170676748480451E-4, 6.556132533001138E-5, 0.0, 5.544264925372331E-5, 5.530388598567491E-5, 4.425647651830567E-5, 1.5544997651248556E-4, 8.05867709902848E-5, 2.144290023080549E-5, 7.027117846501077E-5, 5.263484093019496E-5, 2.6566265248124598E-5, 5.884352347099773E-5, 4.7296025456882854E-5, 1.979800506661732E-5, 2.8831557810859388E-5, 5.5418241103687386E-5, 3.4723779629738974E-5, 4.1965592379901854E-5}, 
