{0.0, 0.07927837902945581, 0.18943585541174104, 0.11100881034865404, 0.07772767766066209, 0.3737244401443546, 0.09360424042919524, 0.025886739779610042, 0.1877278554449757, 0.07837040976962374, -1.9607843137254901, 0.0787873831960059, 0.4248943882226454, 0.16525409299988977, 0.06997831556905654, 0.31833758883361163, 0.25508376320206755, 0.10183283843067253, 0.09249380294073274, 0.2205926531981364, 0.009237264786975992, 0.2934155836926019, 0.16138059920806908, -1.9607843137254901, 0.10884785322275677, 0.03871657780041833, 0.307317443914301, 0.3112597530783554, 0.28778892237247866, 0.17888166293992144, 0.06074905153457864, 0.05561665860611407, 0.14337559037369968, 0.2196768931651738, 0.12838920110301047, 0.09019381722284846, 0.20143896777809683, 0.14402931200028884, 0.09231601006748946, 0.1568105758764547, 0.13962294213632057, 0.2685207385816413, -1.9607843137254901, 0.32190377854798113, 0.08477275641732232, 0.26415534793779455, 0.1652757099763972, 0.14749083853055833, 0.22907428795577806, 0.22538902921433912, 0.041270814906408146},{0.07927837902945581, 0.0, 0.015607809890222644, 0.10608497481841839, 0.2760068099529075, -1.9607843137254901, 0.2622845798325254, 0.43711987934746965, 0.2872762824423053, -1.9607843137254901, 0.07638789851824454, 0.29599047007937235, 0.06598118981840487, 0.18581838505946813, 0.33958885470957595, 0.2462851906713964, 0.321914133494807, 0.20683789289103213, 0.22680453978711304, 0.3265450498523059, -1.9607843137254901, 0.3833791108893186, 0.1600012589697941, 0.35346498180450736, 0.320733773896429, 0.2561020755670333, 0.02029439007148191, 0.2454101835560042, 0.27242068143259235, 0.28600055556176596, 0.18337438032214073, 0.20566305441477817, 0.2590615917914242, -1.9607843137254901, 0.27152817965487924, 0.19752543139673898, 0.2836738311898685, 0.306224643833322, 0.16825463660742251, 0.26869237269598095, -1.9607843137254901, 0.2885353552095661, 0.25008421677546777, 0.2785346692905075, 0.2837193831786294, 0.32828928981109956, 0.3361659353784131, 0.27674179444541075, 0.3218654733925142, 0.11763101714020154, 0.21033856481617244},{0.18943585541174104, 0.015607809890222644, 0.0, 0.11242545682333349, -1.9607843137254901, 0.25184680868010034, 0.13260877502352844, 0.045279698054496886, 0.04501988348460521, 0.09210881292460005, 0.13327352959482544, 0.09691213734704639, 0.19391534257479637, 0.054728425120911084, 0.11456300044187444, 0.3158337508122638, 0.1907340619443517, -1.9607843137254901, 0.07360690261196151, 0.12838255859312092, 0.11884829541248748, 0.08091252498058991, 0.231845904756748, 0.11492939834619262, 0.2637799110945503, 0.0833048376121113, 0.16477733953492507, 0.24624179328128495, 0.14427368292275977, 0.29882244285340626, 0.0817775501744561, -1.9607843137254901, 0.12259634955189663, 0.2467223311472962, -1.9607843137254901, 0.3001657465639704, 0.1936672157111879, 0.054026546431669216, 0.23220047070473912, -1.9607843137254901, 0.18324375959081138, 0.17613717804037005, 0.1324731170330181, 0.22349989975206802, 0.10542606108000946, 0.18581507884415424, 0.057969680366414755, 0.07509928925897758, 0.3086011360055143, 0.15674980231489943, 0.08401978503085068},{0.11100881034865404, 0.10608497481841839, 0.11242545682333349, 0.0, 0.14273190304576547, 0.010820772685593066, 0.12909959789019293, 0.03571761037595725, 0.19894582262594804, 0.0552269245289429, 0.27344238367566387, 0.052006262880207675, 0.11259938203460762, -1.9607843137254901, 0.1424876411924332, 0.12598281058514546, -1.9607843137254901, 0.08565128345464425, 0.20574878719890843, 0.08528901801224291, 0.06073751816580682, 0.21584592001305158, 0.1191782795071066, 0.07314542894621767, 0.0816824958636115, 0.10102220536901216, 0.11497096289512501, 0.1566903113925933, 0.09703561892939333, 0.11308490495205659, 0.06073238050680672, 0.22231012031940087, 0.21735441201942138, 0.07864232173525194, 0.15132929244862617, 0.20176933944287562, 0.10306662814772086, 0.1694524419608922, 0.0664392327716675, 0.10834869600499192, 0.08376484213948407, 0.24102877444670406, 0.06104445857622441, 0.10909430442293568, 0.1414412494923021, 0.12440631705659803, 0.2870355771938463, 0.10772102018611993, 0.04060484392287828, 0.23616855576803725, 0.008345955118952593},{0.07772767766066209, 0.2760068099529075, -1.9607843137254901, 0.14273190304576547, 0.0, 0.028112267390844683, 0.4004966666711725, 0.20472901854794825, 0.4767790264357753, 0.3050689657844618, 0.24086315184563986, 0.06991611698601519, 0.0951859189684881, 0.049265900092880274, 0.23565343509338593, 0.2108083549598089, 0.28606756377398107, 0.10660232977906253, 0.27386452509499587, 0.3657888078236102, 0.20654926213081415, 0.4110321498741352, 0.021045028227503506, 0.16151678893513152, 0.14206071364483827, 0.2324305023652508, -0.002316673384435617, 0.2960036375529743, 0.365438037787108, 0.07874278656967547, 0.33976781073854756, 0.36503142856729687, 0.14686685088505244, 0.06157561295879834, 0.41975266065078376, -1.9607843137254901, 0.2405188646165424, 0.48919459722686703, 0.11408219090516687, 0.2056085421047004, 0.0690057493119002, 0.31627333196572843, 0.29505754349320495, 0.09334773321456402, 0.34306330058641, 0.3541984882099931, 0.25626458848289596, 0.1637498785877737, 0.1495431204774239, 0.18752032741006858, 0.16925619402356923},{0.3737244401443546, -1.9607843137254901, 0.25184680868010034, 0.010820772685593066, 0.028112267390844683, 0.0, 0.03534609291844176, 0.0376413019790156, 0.06946543391516376, 0.21769491264134405, 0.019444555315498397, 0.05334826300330101, 0.48238386143133954, 0.2448414293826478, -1.9607843137254901, 0.2205504119681048, 0.20157643195615907, 0.007152536544160558, 0.007814255553303362, 0.17576405107985632, -1.9607843137254901, 0.1360961733672528, 0.2393187000802167, -1.9607843137254901, 0.09359689616772582, 0.010259151180321117, 0.3093338687385723, 0.23264521212511347, 0.19989596583168198, 0.2622300214045129, -1.9607843137254901, 0.05976569250603798, -1.9607843137254901, 0.31127636772738615, 0.036715216499514106, 0.1697176570580134, 0.07309498452673285, 0.014581678556719088, 0.09391073322653282, 0.0671181409209034, 0.047024420619418784, 0.14739232730500162, 0.07540600592735332, 0.19981525459510238, 0.020613624599245633, 0.17219579023688442, 0.11841960788243466, 0.008285394678862443, 0.2304892167885837, 0.03889600638157977, 0.045402669826298085},{0.09360424042919524, 0.2622845798325254, 0.13260877502352844, 0.12909959789019293, 0.4004966666711725, 0.03534609291844176, 0.0, 0.2684194068688075, 0.37036324017014766, 0.13285767554023842, 0.24577011056357104, 0.15701285108762034, 0.13274217947642447, -1.9607843137254901, 0.24946168712975225, 0.20364288223693486, 0.2875801485514775, 0.13141314068775725, 0.31868340627838365, 0.18077956008427426, 0.2039923147615023, 0.3218902521767806, 0.11013626524422129, 0.27321788352479065, 0.15907789229379832, 0.20178391473188823, 0.005304424758760681, 0.24670163530988126, 0.32496928127872593, 0.18447218400134932, 0.44120331151158676, 0.16771255491844733, 0.2618811174630011, 0.12237033605863092, 0.21078650727957135, 0.056747189075479355, 0.3531349388103673, 0.41409825483966206, 0.20628557107379042, 0.14365109394079853, 0.12786266040598268, 0.3288245835599041, 0.3467392089555467, 0.04717901894518138, 0.3339793512868866, 0.3433195927564726, 0.15077073191298393, 0.26002045304930704, 0.18742264993476968, 0.1278353980904435, 0.23255359915912865},{0.025886739779610042, 0.43711987934746965, 0.045279698054496886, 0.03571761037595725, 0.20472901854794825, 0.0376413019790156, 0.2684194068688075, 0.0, 0.16047407662479457, -1.9607843137254901, 0.12054249592173313, 0.23152141135551657, 0.10060329577566049, 0.17889924379500388, 0.3322587501718163, 0.12861575205897424, 0.27649995068530886, 0.17159283460447233, 0.297801012019676, 0.1837395802442907, 0.0026595364671596605, 0.2697334159964656, 0.16319694702061566, 0.4015523230780229, 0.20339889702944078, 0.19515723789139292, 0.011913119046014279, 0.20093833154955032, 0.16286813525789098, 0.2072229258162819, 0.21784871999359623, 0.06304008851889027, 0.16436548641191717, -1.9607843137254901, 0.16440295383108822, 0.18678373143939936, 0.23948824945390804, 0.2045814859934994, 0.18179390891313968, 0.15457983088754057, 0.01933952477521543, 0.23871026978224968, 0.3307333113340995, 0.2881084914810297, 0.22101215319238104, 0.2823872846876139, 0.22468346319463875, 0.1712175965577248, 0.30331217405398664, -1.9607843137254901, 0.30979724876578146},{0.1877278554449757, 0.2872762824423053, 0.04501988348460521, 0.19894582262594804, 0.4767790264357753, 0.06946543391516376, 0.37036324017014766, 0.16047407662479457, 0.0, 0.25756740108217446, 0.16891734108069745, 0.07456344520118906, 0.13172105860768962, 0.010922061396558125, 0.13058883470544236, 0.29849124004942035, 0.27805300800288335, 0.12116794010294027, 0.3087975969148052, 0.33181248548527614, 0.21359770412931275, 0.3771058728754634, 0.02928313558995174, 0.10240730034328441, 0.2011782578191405, 0.19512424728801975, 0.05105866127836073, 0.2810098022235373, 0.4068234122401823, 0.1797551088179472, 0.24657391789165015, 0.24063853026409035, 0.14504539089748691, 0.1018078163227883, 0.3737335462102515, 0.08875684126986826, 0.26723785177055076, 0.4406574195452182, 0.12892215131524346, 0.17586846151553537, 0.1471996365072767, 0.34909333051931907, 0.28913470601858576, 0.11604604270550158, 0.4347746521191679, 0.378403299803875, 0.2733159760902722, 0.21660049235813614, 0.20686093189266477, 0.21183713039234772, 0.07888375179555392},{0.07837040976962374, -1.9607843137254901, 0.09210881292460005, 0.0552269245289429, 0.3050689657844618, 0.21769491264134405, 0.13285767554023842, -1.9607843137254901, 0.25756740108217446, 0.0, 0.2769870809163109, -1.9607843137254901, 0.13113404921677138, 0.03403412321710141, -1.9607843137254901, 0.06398900140505101, 0.1691381350408469, -1.9607843137254901, 0.011026976140011985, 0.28058237340631237, 0.19677082258954948, 0.09595954987796582, 0.1120362390949635, 0.021446244587677958, 0.08753895885695025, 0.05641124238017024, 0.07368698653394204, 0.1374402257737792, 0.17895971135428762, 0.08827281920463367, 0.05704457561234989, 0.19792860436542895, -1.9607843137254901, 0.12238569673193171, 0.19103160874869402, 0.0221279536021923, 0.013310482505322048, 0.14961883560728828, 0.18125393533661915, -1.9607843137254901, 0.08524162154542783, 0.10295741106473578, 0.23735504223284415, -1.9607843137254901, 0.21447560520347161, 0.15965802806419943, 0.0704671195424421, -1.9607843137254901, 0.11224127531561831, 0.12242782242629738, 0.1607587455469134},{-1.9607843137254901, 0.07638789851824454, 0.13327352959482544, 0.27344238367566387, 0.24086315184563986, 0.019444555315498397, 0.24577011056357104, 0.12054249592173313, 0.16891734108069745, 0.2769870809163109, 0.0, -1.9607843137254901, 0.0029128751396558716, -1.9607843137254901, 0.19143655139834048, -1.9607843137254901, 0.06476793131645325, 0.006718536932438456, 0.23369690084982137, 0.07617836415823742, 0.15346621350625966, 0.11637780091357498, 0.07579004468610835, 0.1966621360224851, 0.05607247059766172, 0.15898040479805056, 0.001220004820064835, 0.13428311063370504, 0.07175994524894258, 0.005007967383520268, 0.27804603903238617, 0.18764189405763898, 0.19278465877844897, -1.9607843137254901, 0.1109063227937312, 0.19360011619990541, 0.1438286564646532, 0.21619984206340187, 0.24997520888562097, 0.02507529147361717, 0.15933758464844602, 0.21990260072148896, 0.2950173104545879, -1.9607843137254901, 0.163969062822617, 0.20569582430708538, 0.11544536525865076, -1.9607843137254901, 0.027874665877015103, 0.23813362109641265, 0.16541872098167504},{0.0787873831960059, 0.29599047007937235, 0.09691213734704639, 0.052006262880207675, 0.06991611698601519, 0.05334826300330101, 0.15701285108762034, 0.23152141135551657, 0.07456344520118906, -1.9607843137254901, -1.9607843137254901, 0.0, -1.9607843137254901, 0.19946647393012187, 0.13122449762396304, 0.0971539758332497, 0.10512462850805217, 0.2174257945644759, 0.06113029798975679, 0.07694110410609521, -1.9607843137254901, 0.26355418726476737, 0.15736966165614946, 0.13449756128127074, 0.22470385882608723, 0.1258757617925036, -1.9607843137254901, 0.15356175614021797, 0.055412141822298214, 0.1702262866373308, 0.00910385378947713, 0.07987240949297825, 0.09003118779268726, 0.13959332814744257, 0.1547311413590268, 0.09547364701005114, 0.19558424534186422, 0.09721740988922828, 0.06338343334594135, 0.21313698590217353, -1.9607843137254901, 0.05514647277348332, 0.028775162331057334, 0.15447519538295051, 0.0994189908820282, 0.11981556570461627, 0.3020338573614995, 0.33603975841157696, 0.13046869421859272, -1.9607843137254901, 0.08859615830646009},{0.4248943882226454, 0.06598118981840487, 0.19391534257479637, 0.11259938203460762, 0.0951859189684881, 0.48238386143133954, 0.13274217947642447, 0.10060329577566049, 0.13172105860768962, 0.13113404921677138, 0.0029128751396558716, -1.9607843137254901, 0.0, 0.2554627559750532, 0.07752013668596038, 0.2314908522239421, 0.2798284492541163, 0.008477024826711657, 0.1766657815878286, 0.23002435176310324, -1.9607843137254901, 0.21364021450070697, 0.20289931362460326, 0.07990270068020745, 0.05877817206922026, -1.9607843137254901, 0.3815732906796903, 0.3387591037357614, 0.2727228112367035, 0.16349469473529465, 0.059556901001714305, 0.11686140277900949, 0.08401663727359707, 0.16602285719049487, 0.07896525028391424, 0.18395405197421666, 0.20114315572566605, 0.09469897761858043, 0.09164775485663462, 0.0381535933726056, 0.14494959792605094, 0.29029773906439926, 0.09523890055708967, 0.2903543924294241, 0.09584996881870146, 0.2691499207461847, 0.1457383492697995, 0.10125472143969351, 0.25169051067105125, 0.2007765366107908, 0.1176984137315719},{0.16525409299988977, 0.18581838505946813, 0.054728425120911084, -1.9607843137254901, 0.049265900092880274, 0.2448414293826478, -1.9607843137254901, 0.17889924379500388, 0.010922061396558125, 0.03403412321710141, -1.9607843137254901, 0.19946647393012187, 0.2554627559750532, 0.0, 0.11201853088494083, 0.0482697578282586, 0.14740142652064284, 0.09749991937610235, -1.9607843137254901, 0.23804354980764555, -1.9607843137254901, 0.139441209719291, 0.2193495310276946, -1.9607843137254901, 0.1741664274442489, 0.13894590444040347, 0.18358048995627937, 0.22472005771486453, 0.047884384283892294, 0.19965921056030514, -1.9607843137254901, 0.10815421240214396, -1.9607843137254901, 0.01553214663729169, 0.13121405952795895, 0.05104259317247687, 0.1039703608760035, -1.9607843137254901, 0.007297289707650458, 0.17361428292639405, -1.9607843137254901, 0.05788800159288166, 0.05797399594507904, 0.3108696980707269, 0.08653610035487226, 0.10546808462489758, 0.14265458440199666, 0.24482143321909913, 0.1732370346675943, -1.9607843137254901, 0.016203914734321253},{0.06997831556905654, 0.33958885470957595, 0.11456300044187444, 0.1424876411924332, 0.23565343509338593, -1.9607843137254901, 0.24946168712975225, 0.3322587501718163, 0.13058883470544236, -1.9607843137254901, 0.19143655139834048, 0.13122449762396304, 0.07752013668596038, 0.11201853088494083, 0.0, 0.22285445213562885, 0.21562501343888707, 0.37786085657596696, 0.22463399260516148, 0.2142792486479958, 0.14970460155706758, 0.4139099204590374, 0.012248585135051374, 0.34109391320338966, 0.10074763055303511, 0.4194255857302937, 0.11217778418279212, 0.3433358005877094, 0.16386115509838511, 0.08899157519787912, 0.37490843440841054, 0.27460090757564715, 0.3812605973495609, 0.017961380374089567, 0.17108465730328032, 0.1012059299413203, 0.31769056578009663, 0.2920647035936776, 0.21232727930902884, 0.28315016210911853, 0.1631685295345378, 0.40203630836984205, 0.2304860293868288, 0.2951070455151738, 0.11411834028974269, 0.31853768804694416, 0.3094423695698719, 0.20192970086976664, 0.12379792471442914, 0.2808374432627572, 0.27525308852100816},{0.31833758883361163, 0.2462851906713964, 0.3158337508122638, 0.12598281058514546, 0.2108083549598089, 0.2205504119681048, 0.20364288223693486, 0.12861575205897424, 0.29849124004942035, 0.06398900140505101, -1.9607843137254901, 0.0971539758332497, 0.2314908522239421, 0.0482697578282586, 0.22285445213562885, 0.0, 0.34206884105577556, 0.19039027453628438, 0.19662765970701654, 0.3267240583317981, 0.17321616073751062, 0.34890064424915274, 0.0848102226248665, 0.20000595744688654, 0.29023360944324217, 0.20791664189740472, 0.19563926797840894, 0.3325024466477387, 0.41349348286068194, 0.3528597812156437, 0.1923657592770094, 0.019794400192876236, 0.16935556006936645, 0.2707687123229285, 0.17326996821394228, 0.16433868906607813, 0.2692864204014208, 0.33843941756041585, 0.15479302555329166, 0.20370272654213373, 0.14097191458041056, 0.39349714265608143, 0.09883951424129035, 0.3348809833615661, 0.20020975873048852, 0.29003101395126635, 0.22828709226161584, 0.12251582636409722, 0.3424836656780262, 0.28974091950020425, 0.10144274798166683},{0.25508376320206755, 0.321914133494807, 0.1907340619443517, -1.9607843137254901, 0.28606756377398107, 0.20157643195615907, 0.2875801485514775, 0.27649995068530886, 0.27805300800288335, 0.1691381350408469, 0.06476793131645325, 0.10512462850805217, 0.2798284492541163, 0.14740142652064284, 0.21562501343888707, 0.34206884105577556, 0.0, 0.06964206689073912, 0.12590200579166916, 0.42410323931754057, 0.16267673515302766, 0.3290200772352, 0.16842604809470382, 0.18035326244007982, 0.2699649469015333, 0.2143099753934731, 0.13245889778953587, 0.40139363708665365, 0.35830631885706693, 0.3125215721028295, 0.3042861749811903, 0.13971557794220657, 0.13076599279331494, 0.04281850939854702, 0.3529246945296268, 0.1444097742391122, 0.41749377519683606, 0.28812306597958975, 0.25376537069987276, 0.2693899918351015, 0.21337835221788215, 0.3115473204161999, 0.24486418553622027, 0.29562540441381446, 0.3392424601116888, 0.38911695261235374, 0.2389884567599892, 0.1874513896707161, 0.4031370075225016, 0.14064844815947553, 0.3438418340863477},{0.10183283843067253, 0.20683789289103213, -1.9607843137254901, 0.08565128345464425, 0.10660232977906253, 0.007152536544160558, 0.13141314068775725, 0.17159283460447233, 0.12116794010294027, -1.9607843137254901, 0.006718536932438456, 0.2174257945644759, 0.008477024826711657, 0.09749991937610235, 0.37786085657596696, 0.19039027453628438, 0.06964206689073912, 0.0, 0.045454324746257393, 0.05797355655320306, -1.9607843137254901, 0.2327047497889893, -1.9607843137254901, 0.1457088557681678, 0.08898323763749175, 0.33540671308003644, 0.04819810815502101, 0.1855862410052559, 0.0736622265802854, 0.05262627451934096, 0.2038979930362344, 0.12954925467877004, 0.25392183047343975, 0.2536678559022255, 0.06571273472477727, 0.040371208869486135, 0.2541310695395979, 0.1910771621427747, 0.19092734204639905, 0.2940728370080571, 0.15725707333476346, 0.219864570693024, 0.06553998762821282, 0.09397722920722514, 0.15746535789310045, 0.07169027749353178, 0.2259975871715504, 0.23523428544729197, 0.06376029365874755, 0.1766796907054582, 0.0940388058403442},{0.09249380294073274, 0.22680453978711304, 0.07360690261196151, 0.20574878719890843, 0.27386452509499587, 0.007814255553303362, 0.31868340627838365, 0.297801012019676, 0.3087975969148052, 0.011026976140011985, 0.23369690084982137, 0.06113029798975679, 0.1766657815878286, -1.9607843137254901, 0.22463399260516148, 0.19662765970701654, 0.12590200579166916, 0.045454324746257393, 0.0, 0.12212617777047755, 0.06247695735256236, 0.2830015771261367, 0.09520268624871085, 0.29194404423898784, 0.07449290578378484, 0.02808638733088655, 0.09614752831115728, 0.19145936118004866, 0.3108547023514109, 0.08373702271932143, 0.2708115597139221, 0.0768003900269401, 0.18557445105674947, 0.006107883763968296, 0.16212522562421447, 0.14416585662379594, 0.2543791886107558, 0.3269103308247915, 0.04995942250471097, 0.054910963684400946, 0.11559095082010784, 0.33648343211295273, 0.22768618110520217, 0.18800852033897064, 0.19392851293827212, 0.3790506919793641, 0.196859513198526, 0.1838906357536419, 0.1876869933352066, 0.17532915922604655, 0.1624340842183306},{0.2205926531981364, 0.3265450498523059, 0.12838255859312092, 0.08528901801224291, 0.3657888078236102, 0.17576405107985632, 0.18077956008427426, 0.1837395802442907, 0.33181248548527614, 0.28058237340631237, 0.07617836415823742, 0.07694110410609521, 0.23002435176310324, 0.23804354980764555, 0.2142792486479958, 0.3267240583317981, 0.42410323931754057, 0.05797355655320306, 0.12212617777047755, 0.0, 0.16705137826886618, 0.4455659698623623, 0.105719902292588, 0.0367296217528701, 0.2886478762975628, 0.23750146709859538, 0.16938033063160718, 0.39475166500661846, 0.3234220281978397, 0.21716166912205717, 0.18344985969795127, 0.2522907833728105, 0.1209585184143049, 0.07249188603507134, 0.4692972486672737, 0.09973319114592627, 0.26898200196598065, 0.32422394435094054, 0.17879005930470554, 0.33375403803122383, 0.1516491385187438, 0.3567365210573495, 0.13774157508540297, 0.29408401170899107, 0.3184550458308207, 0.3487905254350533, 0.3295241805844942, 0.20637154745368405, 0.28731487385845783, 0.29764104874126307, 0.14838068512420138},{0.009237264786975992, -1.9607843137254901, 0.11884829541248748, 0.06073751816580682, 0.20654926213081415, -1.9607843137254901, 0.2039923147615023, 0.0026595364671596605, 0.21359770412931275, 0.19677082258954948, 0.15346621350625966, -1.9607843137254901, -1.9607843137254901, -1.9607843137254901, 0.14970460155706758, 0.17321616073751062, 0.16267673515302766, -1.9607843137254901, 0.06247695735256236, 0.16705137826886618, 0.0, 0.09037800437678498, -1.9607843137254901, 0.028985695729792784, 0.10210314192304369, 0.13706622216544756, -1.9607843137254901, -1.9607843137254901, 0.15842789675636693, 0.16833177162427027, 0.2809144237160398, 0.1024994312956818, 0.10853562137268563, 0.05766362339007004, 0.16072044113213324, -1.9607843137254901, 0.06600871180524644, 0.26952817409668506, 0.08820809768582791, 0.017117873907279712, 0.16402131617445936, 0.0587702649466036, 0.17006301108549743, 0.03062552132327898, 0.23036458106814447, 0.07293994247895458, 0.03484530756646784, 0.0330906036216088, 0.07549511255312412, 0.22280581774012623, 0.1325258356030045},{0.2934155836926019, 0.3833791108893186, 0.08091252498058991, 0.21584592001305158, 0.4110321498741352, 0.1360961733672528, 0.3218902521767806, 0.2697334159964656, 0.3771058728754634, 0.09595954987796582, 0.11637780091357498, 0.26355418726476737, 0.21364021450070697, 0.139441209719291, 0.4139099204590374, 0.34890064424915274, 0.3290200772352, 0.2327047497889893, 0.2830015771261367, 0.4455659698623623, 0.09037800437678498, 0.0, 0.10698163523272154, 0.16260239206793153, 0.21260954785760777, 0.2730331956245417, 0.09515786184074375, 0.47923549985620373, 0.3758191226560658, 0.11741516955289678, 0.2857620242275379, 0.29133328406494224, 0.2802310094512992, 0.16432999918432886, 0.45069176823608903, 0.05689008031258737, 0.36056657142722337, 0.47928688280520443, 0.12929098203893571, 0.3814204463679918, 0.07136652170543441, 0.4898671018532621, 0.14053842936759212, 0.34480705843591475, 0.2619197126064438, 0.44370822207172683, 0.49075568298439437, 0.2800976037397406, 0.20088343679337783, 0.3064653420370961, 0.1423269896325546},{0.16138059920806908, 0.1600012589697941, 0.231845904756748, 0.1191782795071066, 0.021045028227503506, 0.2393187000802167, 0.11013626524422129, 0.16319694702061566, 0.02928313558995174, 0.1120362390949635, 0.07579004468610835, 0.15736966165614946, 0.20289931362460326, 0.2193495310276946, 0.012248585135051374, 0.0848102226248665, 0.16842604809470382, -1.9607843137254901, 0.09520268624871085, 0.105719902292588, -1.9607843137254901, 0.10698163523272154, 0.0, 0.19144334651377964, 0.15241032995735593, -1.9607843137254901, 0.1795130162955959, 0.22864957528574334, 0.09718449503527324, 0.11925275910068804, 0.005029657113343545, -1.3538791417006468E-4, 0.09772705506248347, 0.06221179069757458, -1.9607843137254901, 0.23928855553719164, 0.17470044341561342, -1.9607843137254901, 0.12587069234256357, -1.9607843137254901, 0.0650426697552442, 0.11909082619390891, 0.10571928925782569, 0.2991720681898249, -1.9607843137254901, 0.1833244452391301, 0.002425216664973654, 0.09057498708215712, 0.25577069589055906, -1.9607843137254901, 0.11574921608957742},{-1.9607843137254901, 0.35346498180450736, 0.11492939834619262, 0.07314542894621767, 0.16151678893513152, -1.9607843137254901, 0.27321788352479065, 0.4015523230780229, 0.10240730034328441, 0.021446244587677958, 0.1966621360224851, 0.13449756128127074, 0.07990270068020745, -1.9607843137254901, 0.34109391320338966, 0.20000595744688654, 0.18035326244007982, 0.1457088557681678, 0.29194404423898784, 0.0367296217528701, 0.028985695729792784, 0.16260239206793153, 0.19144334651377964, 0.0, 0.20753335601498507, 0.170819880350715, 0.12332136705169706, 0.08438536117599874, 0.14504151816559202, 0.2552537020822544, 0.2875826219753465, 0.06244794514622215, 0.3045057274509197, -1.9607843137254901, -1.9607843137254901, 0.2559144815439219, 0.13935372265478382, 0.24548901682986266, 0.15594194651857732, 0.0987226906619305, 0.09619373980800991, 0.27005154146575877, 0.25164750343249054, 0.22959493495819971, 0.06164355887732682, 0.18547659756073004, 0.08990101406089557, 0.10073950673185376, 0.28628214051595463, 0.10074625275455033, 0.36192828885245926},{0.10884785322275677, 0.320733773896429, 0.2637799110945503, 0.0816824958636115, 0.14206071364483827, 0.09359689616772582, 0.15907789229379832, 0.20339889702944078, 0.2011782578191405, 0.08753895885695025, 0.05607247059766172, 0.22470385882608723, 0.05877817206922026, 0.1741664274442489, 0.10074763055303511, 0.29023360944324217, 0.2699649469015333, 0.08898323763749175, 0.07449290578378484, 0.2886478762975628, 0.10210314192304369, 0.21260954785760777, 0.15241032995735593, 0.20753335601498507, 0.0, 0.19398146802340516, 0.1271102975865432, 0.23470754050852016, 0.19675603737678427, 0.5010676914663943, 0.0832851828169058, 0.1296215897414413, 0.11334203160186015, 0.07759900739251131, 0.22174085047341732, 0.26715235292685835, 0.18336762086399813, 0.2248087631266301, 0.19728600836482643, 0.282289698763831, 0.08902455333481737, 0.28182987204194426, 0.14440280711166706, 0.2222436343803995, 0.25171786882912456, 0.147563718996104, 0.28768601575103764, 0.1504018998890596, 0.46708153125360796, 0.16592050315219234, 0.19774731821664085},{0.03871657780041833, 0.2561020755670333, 0.0833048376121113, 0.10102220536901216, 0.2324305023652508, 0.010259151180321117, 0.20178391473188823, 0.19515723789139292, 0.19512424728801975, 0.05641124238017024, 0.15898040479805056, 0.1258757617925036, -1.9607843137254901, 0.13894590444040347, 0.4194255857302937, 0.20791664189740472, 0.2143099753934731, 0.33540671308003644, 0.02808638733088655, 0.23750146709859538, 0.13706622216544756, 0.2730331956245417, -1.9607843137254901, 0.170819880350715, 0.19398146802340516, 0.0, 0.1342153787850504, 0.2649865255519226, 0.10140635300777902, 0.10796414010153278, 0.23886601910948704, 0.13298155526328242, 0.2866686950183387, 0.08877755503482809, 0.19400033183760604, 0.10213454612275509, 0.238733374938683, 0.1867488678403901, 0.28332857313250415, 0.33359285135967387, 0.1444391988647275, 0.2738249266971025, 0.2589480204574772, 0.19316638888196616, 0.2595162080730977, 0.1469624550274984, 0.2512526091698523, 0.1685908678997749, 0.09455495206866142, 0.15401307689297872, 0.15789146717880329},{0.307317443914301, 0.02029439007148191, 0.16477733953492507, 0.11497096289512501, -0.002316673384435617, 0.3093338687385723, 0.005304424758760681, 0.011913119046014279, 0.05105866127836073, 0.07368698653394204, 0.001220004820064835, -1.9607843137254901, 0.3815732906796903, 0.18358048995627937, 0.11217778418279212, 0.19563926797840894, 0.13245889778953587, 0.04819810815502101, 0.09614752831115728, 0.16938033063160718, -1.9607843137254901, 0.09515786184074375, 0.1795130162955959, 0.12332136705169706, 0.1271102975865432, 0.1342153787850504, 0.0, 0.20099433038440467, 0.1019111476081947, 0.11674593873693637, 0.009312855372067167, 0.06957208431618786, 0.17902631586308015, 0.1533581519752777, -1.9607843137254901, 0.30482729540276976, 0.024249237080655017, 0.003651709178109921, 0.08611756329332744, 0.028440795532206745, 0.1858425085885054, 0.2148143992560733, -1.9607843137254901, 0.28606484794175935, -1.9607843137254901, 0.11404074106032691, 0.09448437099973332, -1.9607843137254901, 0.1517819564855704, 0.2960488968464032, 0.10615892029745176},{0.3112597530783554, 0.2454101835560042, 0.24624179328128495, 0.1566903113925933, 0.2960036375529743, 0.23264521212511347, 0.24670163530988126, 0.20093833154955032, 0.2810098022235373, 0.1374402257737792, 0.13428311063370504, 0.15356175614021797, 0.3387591037357614, 0.22472005771486453, 0.3433358005877094, 0.3325024466477387, 0.40139363708665365, 0.1855862410052559, 0.19145936118004866, 0.39475166500661846, -1.9607843137254901, 0.47923549985620373, 0.22864957528574334, 0.08438536117599874, 0.23470754050852016, 0.2649865255519226, 0.20099433038440467, 0.0, 0.31756625500314617, 0.12286829058885898, 0.1957399775574223, 0.2782827343578493, 0.21167461870703397, 0.25605618877487113, 0.3547006407659061, 0.10289452007544742, 0.43261664651326776, 0.3054993147856099, 0.21646283644959144, 0.3516865100522483, 0.10991822943588482, 0.4634721189730045, 0.1802428071109769, 0.39993296883470786, 0.24516701394462173, 0.4477909933582158, 0.3607103955758398, 0.28774229837674126, 0.2602854493240465, 0.28140825596188307, 0.1171224896164076},{0.28778892237247866, 0.27242068143259235, 0.14427368292275977, 0.09703561892939333, 0.365438037787108, 0.19989596583168198, 0.32496928127872593, 0.16286813525789098, 0.4068234122401823, 0.17895971135428762, 0.07175994524894258, 0.055412141822298214, 0.2727228112367035, 0.047884384283892294, 0.16386115509838511, 0.41349348286068194, 0.35830631885706693, 0.0736622265802854, 0.3108547023514109, 0.3234220281978397, 0.15842789675636693, 0.3758191226560658, 0.09718449503527324, 0.14504151816559202, 0.19675603737678427, 0.10140635300777902, 0.1019111476081947, 0.31756625500314617, 0.0, 0.23185529307031563, 0.2635128628462418, 0.14215856319184558, 0.13162687641550166, 0.1798519593458964, 0.28404970608942237, 0.09611676489851873, 0.33211884816592546, 0.42098392339015134, 0.1356026840913777, 0.1415600339251365, 0.15365593358416008, 0.3556034341608992, 0.18162582099188293, 0.23668264803365718, 0.32086379523639663, 0.4140677561075138, 0.21963177369587406, 0.1744466674491046, 0.3113035501227534, 0.24336826712241616, 0.15978484106734672},{0.17888166293992144, 0.28600055556176596, 0.29882244285340626, 0.11308490495205659, 0.07874278656967547, 0.2622300214045129, 0.18447218400134932, 0.2072229258162819, 0.1797551088179472, 0.08827281920463367, 0.005007967383520268, 0.1702262866373308, 0.16349469473529465, 0.19965921056030514, 0.08899157519787912, 0.3528597812156437, 0.3125215721028295, 0.05262627451934096, 0.08373702271932143, 0.21716166912205717, 0.16833177162427027, 0.11741516955289678, 0.11925275910068804, 0.2552537020822544, 0.5010676914663943, 0.10796414010153278, 0.11674593873693637, 0.12286829058885898, 0.23185529307031563, 0.0, 0.08267787430915245, 0.09908414610944996, 0.09889264731273131, 0.09163702330746239, 0.12925638547071364, 0.2846145187087589, 0.11766408724424628, 0.1764417630032023, 0.20489902912991556, 0.13316369429407773, 0.10215904054383054, 0.19536397168010713, 0.20118016788157075, 0.2214173809612481, 0.2577489271614977, 0.13624870322623503, 0.19323849824606906, 0.08496483563596037, 0.5392189483131142, 0.07209174967488591, 0.19344817725102503},{0.06074905153457864, 0.18337438032214073, 0.0817775501744561, 0.06073238050680672, 0.33976781073854756, -1.9607843137254901, 0.44120331151158676, 0.21784871999359623, 0.24657391789165015, 0.05704457561234989, 0.27804603903238617, 0.00910385378947713, 0.059556901001714305, -1.9607843137254901, 0.37490843440841054, 0.1923657592770094, 0.3042861749811903, 0.2038979930362344, 0.2708115597139221, 0.18344985969795127, 0.2809144237160398, 0.2857620242275379, 0.005029657113343545, 0.2875826219753465, 0.0832851828169058, 0.23886601910948704, 0.009312855372067167, 0.1957399775574223, 0.2635128628462418, 0.08267787430915245, 0.0, 0.15651198355714996, 0.3480840860942561, -1.9607843137254901, 0.14052821657141804, 0.052000832091576486, 0.2836954843492709, 0.3893575240261934, 0.2763916691830068, 0.1529718641441203, 0.3601881837254144, 0.30673010990925265, 0.2582884605818704, 0.018176711711856943, 0.23701964978003917, 0.2864378918251215, 0.11175037324598057, 0.10187060472416525, 0.15320406338638803, 0.23069601828237174, 0.38569708046093065},{0.05561665860611407, 0.20566305441477817, -1.9607843137254901, 0.22231012031940087, 0.36503142856729687, 0.05976569250603798, 0.16771255491844733, 0.06304008851889027, 0.24063853026409035, 0.19792860436542895, 0.18764189405763898, 0.07987240949297825, 0.11686140277900949, 0.10815421240214396, 0.27460090757564715, 0.019794400192876236, 0.13971557794220657, 0.12954925467877004, 0.0768003900269401, 0.2522907833728105, 0.1024994312956818, 0.29133328406494224, -1.3538791417006468E-4, 0.06244794514622215, 0.1296215897414413, 0.13298155526328242, 0.06957208431618786, 0.2782827343578493, 0.14215856319184558, 0.09908414610944996, 0.15651198355714996, 0.0, 0.18165907066457765, 0.1086839056262856, 0.36458023748843327, -1.9607843137254901, 0.14529963187982392, 0.2842686529685735, -1.9607843137254901, 0.2981967700452325, -1.9607843137254901, 0.19862568274821843, 0.13495458301665214, 0.02155176023230341, 0.16615996939208055, 0.18607022254649574, 0.2797252864453164, 0.15539193174095473, 0.060459357048351585, 0.16485826064258455, 0.1287266846897351},{0.14337559037369968, 0.2590615917914242, 0.12259634955189663, 0.21735441201942138, 0.14686685088505244, -1.9607843137254901, 0.2618811174630011, 0.16436548641191717, 0.14504539089748691, -1.9607843137254901, 0.19278465877844897, 0.09003118779268726, 0.08401663727359707, -1.9607843137254901, 0.3812605973495609, 0.16935556006936645, 0.13076599279331494, 0.25392183047343975, 0.18557445105674947, 0.1209585184143049, 0.10853562137268563, 0.2802310094512992, 0.09772705506248347, 0.3045057274509197, 0.11334203160186015, 0.2866686950183387, 0.17902631586308015, 0.21167461870703397, 0.13162687641550166, 0.09889264731273131, 0.3480840860942561, 0.18165907066457765, 0.0, 0.12443319664474296, 0.0018312588720852555, 0.2181998607176705, 0.17266512481346175, 0.18041426953923723, 0.21870400585251884, 0.17798955099886626, 0.15353405029882783, 0.2872989530492161, 0.15813754246591183, 0.13595987994003886, 0.06964150841153052, 0.20343026748100085, 0.21003521707114062, 0.1503689949715973, 0.08613056727309697, 0.32146664954822557, 0.2393122961790866},{0.2196768931651738, -1.9607843137254901, 0.2467223311472962, 0.07864232173525194, 0.06157561295879834, 0.31127636772738615, 0.12237033605863092, -1.9607843137254901, 0.1018078163227883, 0.12238569673193171, -1.9607843137254901, 0.13959332814744257, 0.16602285719049487, 0.01553214663729169, 0.017961380374089567, 0.2707687123229285, 0.04281850939854702, 0.2536678559022255, 0.006107883763968296, 0.07249188603507134, 0.05766362339007004, 0.16432999918432886, 0.06221179069757458, -1.9607843137254901, 0.07759900739251131, 0.08877755503482809, 0.1533581519752777, 0.25605618877487113, 0.1798519593458964, 0.09163702330746239, -1.9607843137254901, 0.1086839056262856, 0.12443319664474296, 0.0, 0.0381573428367129, 0.016332903950860705, 0.08880198327511273, 0.17733046356329707, 0.12058300609896415, 0.0895273685406638, 0.021879785029899568, 0.14713015765237009, -1.9607843137254901, -1.9607843137254901, 0.052225831147807246, 0.0995585823105536, 0.1934384956854189, 0.11134888439243754, 0.00901805274968633, 0.1344183899708292, -1.9607843137254901},{0.12838920110301047, 0.27152817965487924, -1.9607843137254901, 0.15132929244862617, 0.41975266065078376, 0.036715216499514106, 0.21078650727957135, 0.16440295383108822, 0.3737335462102515, 0.19103160874869402, 0.1109063227937312, 0.1547311413590268, 0.07896525028391424, 0.13121405952795895, 0.17108465730328032, 0.17326996821394228, 0.3529246945296268, 0.06571273472477727, 0.16212522562421447, 0.4692972486672737, 0.16072044113213324, 0.45069176823608903, -1.9607843137254901, -1.9607843137254901, 0.22174085047341732, 0.19400033183760604, -1.9607843137254901, 0.3547006407659061, 0.28404970608942237, 0.12925638547071364, 0.14052821657141804, 0.36458023748843327, 0.0018312588720852555, 0.0381573428367129, 0.0, -1.9607843137254901, 0.32784875727941415, 0.3714406844230555, 0.044141086196673424, 0.44295272085997467, -1.9607843137254901, 0.306606637800976, 0.15493654266466172, 0.1838690937123014, 0.35946280871198305, 0.33235431787514635, 0.4369028681498031, 0.3126004190860835, 0.15932661058027114, 0.1308565446605627, 0.11673643433006643},{0.09019381722284846, 0.19752543139673898, 0.3001657465639704, 0.20176933944287562, -1.9607843137254901, 0.1697176570580134, 0.056747189075479355, 0.18678373143939936, 0.08875684126986826, 0.0221279536021923, 0.19360011619990541, 0.09547364701005114, 0.18395405197421666, 0.05104259317247687, 0.1012059299413203, 0.16433868906607813, 0.1444097742391122, 0.040371208869486135, 0.14416585662379594, 0.09973319114592627, -1.9607843137254901, 0.05689008031258737, 0.23928855553719164, 0.2559144815439219, 0.26715235292685835, 0.10213454612275509, 0.30482729540276976, 0.10289452007544742, 0.09611676489851873, 0.2846145187087589, 0.052000832091576486, -1.9607843137254901, 0.2181998607176705, 0.016332903950860705, -1.9607843137254901, 0.0, 0.0414991239594468, 0.0040133010632394306, 0.2117041319240855, -1.9607843137254901, 0.10919596594471762, 0.24638936170242665, 0.17334234899220974, 0.21189360212790898, 0.10722020860547954, 0.11419379583447545, 0.1844083861888441, -1.9607843137254901, 0.32725270588815103, 0.16365997519530515, 0.19295800876928296},{0.20143896777809683, 0.2836738311898685, 0.1936672157111879, 0.10306662814772086, 0.2405188646165424, 0.07309498452673285, 0.3531349388103673, 0.23948824945390804, 0.26723785177055076, 0.013310482505322048, 0.1438286564646532, 0.19558424534186422, 0.20114315572566605, 0.1039703608760035, 0.31769056578009663, 0.2692864204014208, 0.41749377519683606, 0.2541310695395979, 0.2543791886107558, 0.26898200196598065, 0.06600871180524644, 0.36056657142722337, 0.17470044341561342, 0.13935372265478382, 0.18336762086399813, 0.238733374938683, 0.024249237080655017, 0.43261664651326776, 0.33211884816592546, 0.11766408724424628, 0.2836954843492709, 0.14529963187982392, 0.17266512481346175, 0.08880198327511273, 0.32784875727941415, 0.0414991239594468, 0.0, 0.26267607616981126, 0.22106175294056432, 0.2928448087987495, 0.20822822186551232, 0.2990023193169219, 0.17146877228960555, 0.2534015626283249, 0.28489411041837914, 0.4317741079471037, 0.27449198136019387, 0.40736993493121043, 0.2532327541457216, 0.12985172771571593, 0.16657807244110792},{0.14402931200028884, 0.306224643833322, 0.054026546431669216, 0.1694524419608922, 0.48919459722686703, 0.014581678556719088, 0.41409825483966206, 0.2045814859934994, 0.4406574195452182, 0.14961883560728828, 0.21619984206340187, 0.09721740988922828, 0.09469897761858043, -1.9607843137254901, 0.2920647035936776, 0.33843941756041585, 0.28812306597958975, 0.1910771621427747, 0.3269103308247915, 0.32422394435094054, 0.26952817409668506, 0.47928688280520443, -1.9607843137254901, 0.24548901682986266, 0.2248087631266301, 0.1867488678403901, 0.003651709178109921, 0.3054993147856099, 0.42098392339015134, 0.1764417630032023, 0.3893575240261934, 0.2842686529685735, 0.18041426953923723, 0.17733046356329707, 0.3714406844230555, 0.0040133010632394306, 0.26267607616981126, 0.0, 0.09755739582326436, 0.23676612863008906, 0.10669483565324842, 0.43168557682358005, 0.1755676048984154, 0.08161751301348498, 0.34387348882543695, 0.3494821662284349, 0.33352153976106447, 0.18129288225225884, 0.20456965430106744, 0.36801545136853964, 0.14412572807396473},{0.09231601006748946, 0.16825463660742251, 0.23220047070473912, 0.0664392327716675, 0.11408219090516687, 0.09391073322653282, 0.20628557107379042, 0.18179390891313968, 0.12892215131524346, 0.18125393533661915, 0.24997520888562097, 0.06338343334594135, 0.09164775485663462, 0.007297289707650458, 0.2123