{0.0, 0.14086334949305018, 0.2168081083193135, 0.2214396807411427, 0.286720069627744, 0.2593835976731773, 0.20664376932749304, 0.17413601412531265, 0.19116120998567435, 0.19860694354953767, 0.25799358454039506, 0.15842225707060975, 0.09504011624545557, 0.22063420955275687, 0.3177308896009046, 0.26816173976187263, 0.21757843485965261, 0.119461289590076, 0.26581272879728535, 0.24809430052072287, 0.17873069344091896, 0.1988412236520168, 0.1567439993256435, 0.11778909766671683, 0.16189791026443054, 0.15212209166523166, 0.23030949734252987, 0.12064920551166129, 0.1583899409245368, 0.2061033633546769, 0.13098006027755335, 0.20012048024237827, 0.2075203735231033, 0.18986683435894747, 0.20912175490245155, 0.25518221075871317, 0.10549585636017828, 0.3580449687188712, 0.2626318554490497, 0.17647158679476987, 0.19036655557759974, 0.255914699671165, 0.16899061367885843, 0.17252205473541396, 0.18428285740013434, 0.1360663160503003, 0.15068377229341076, 0.19526402542717974, 0.1017283252330804, 0.2081469435601745, 0.19441872736618063},{0.14086334949305018, 0.0, 0.22032563904107566, 0.17143496487040996, 0.18667601768009628, 0.12208163501784033, 0.15719160374203925, 0.3829892090694021, 0.17171984117662978, 0.15472585285249593, 0.14592131075626236, 0.17578509637947096, 0.24744445231782544, 0.19501589367989886, 0.12927777441875252, 0.07648119754479583, 0.10108926659829578, 0.1513197468786495, 0.12058379181892584, 0.2487846508740813, 0.11077790435003314, 0.05281407444796651, 0.2006854872656932, 0.11305701738678715, 0.12536817384040258, 0.1836715604691238, 0.12808517743594913, 0.1825203142808989, 0.1826475059196007, 0.23200132341187682, 0.06463197232002049, 0.14921298020402637, 0.11622645398799629, 0.15696081529817563, 0.24187628198247088, 0.13245354300433815, 0.29045480330360196, 0.11679329216040035, 0.15120847168295323, 0.12587574962661022, 0.17250186728937508, 0.22540652762656785, 0.3056797945358191, 0.3285259522512086, 0.2060238176696029, 0.11275660810072491, 0.09202229162532272, 0.17350697113752614, 0.17305343117678287, 0.08087573756800771, 0.14169105280640115},{0.2168081083193135, 0.22032563904107566, 0.0, 0.2875969894885507, 0.22247217368287417, 0.2383814133573452, 0.22356188594903467, 0.15105761410095753, 0.15205499402436268, 0.349152877359972, 0.28832720553194313, 0.24325331992573224, 0.21056541252901753, 0.19077856927277403, 0.26751894833753953, 0.2059563475014176, 0.22771904100864443, 0.28642924044607015, 0.37503317321891244, 0.2636468502348959, 0.26441672570579244, 0.17024684373541996, 0.21923736363974147, 0.25924482039114644, 0.27436477054049496, 0.3116378381251688, 0.2532454701147235, 0.20023407000559762, 0.2967941467250653, 0.1990254373659451, 0.2635844139016108, 0.16604366660333375, 0.3560834193734207, 0.2850390108355868, 0.20367586409310004, 0.27219070596479444, 0.21980762345203927, 0.3868422468757262, 0.2536829207233756, 0.16680488561174325, 0.30953878664532897, 0.21666269371260893, 0.1547594744076305, 0.24541314003257061, 0.3188755332224476, 0.24842170532842017, 0.16864929901909287, 0.23531747772283634, 0.22843300652768855, 0.2820958322841082, 0.33247747231492164},{0.2214396807411427, 0.17143496487040996, 0.2875969894885507, 0.0, 0.29277667361004783, 0.3399979795684613, 0.299743031812124, 0.14713246475491387, 0.17121123018024226, 0.30013381746741646, 0.3658167966884522, 0.24436364277341435, 0.08270281783042031, 0.25224985656837046, 0.23852981099366768, 0.30423136080991453, 0.18567560934513894, 0.2000889071041756, 0.2687903671865112, 0.30304332748428614, 0.23290703670671228, 0.15538771643170327, 0.09981929734610698, 0.17155272967923804, 0.3320714372983867, 0.20696922197163856, 0.30458217695915624, 0.3030563811923187, 0.25560247223846194, 0.33460116840556237, 0.22617977727597235, 0.2301301301296051, 0.31926217697449094, 0.3282767515397413, 0.25508549378522744, 0.2964199359431228, 0.17964269836945873, 0.2585970838612227, 0.2535382085997653, 0.08166737604329358, 0.3779645876629107, 0.11039679469145296, 0.14390022667578528, 0.1474781337515967, 0.32737386210056435, 0.2941502366543182, 0.25577603525759524, 0.2944156159469669, 0.26613409954492695, 0.22331602016429283, 0.2083657923644496},{0.286720069627744, 0.18667601768009628, 0.22247217368287417, 0.29277667361004783, 0.0, 0.33309900664548164, 0.14214945117603253, 0.22810377724037662, 0.35008831257815703, 0.25293381435841417, 0.32958324947682255, 0.2155440922068265, 0.15813608992202718, 0.2779626460622247, 0.35148131209451494, 0.28296344746647556, 0.2902758571394437, 0.23473206587231532, 0.26491573159887466, 0.2760828961073799, 0.07240466546281173, 0.16229514325132746, 0.2126075461094445, 0.24148704763934267, 0.23564193882543802, 0.1822453953331893, 0.27578492944661115, 0.23061660149499236, 0.27236488318601293, 0.258728101346417, 0.04817024414415898, 0.2806306615127182, 0.34719788159880877, 0.3469749834230078, 0.27468457522335576, 0.25499850559850007, 0.1863606975483112, 0.42170682674332194, 0.31604014639803796, 0.07366810531216099, 0.285858826268949, 0.23833856642504947, 0.11927100571481292, 0.19961965443269614, 0.304907403689047, 0.2235162582826891, 0.1928796235659863, 0.19737294791375587, 0.26555946788941437, 0.28668246798204505, 0.22611169432618017},{0.2593835976731773, 0.12208163501784033, 0.2383814133573452, 0.3399979795684613, 0.33309900664548164, 0.0, 0.23152586675001868, 0.12574534248391345, 0.20605717110341373, 0.3773778131168846, 0.43992004224666603, 0.23584205432305771, 0.10534502031382388, 0.3669092310537584, 0.46015808046472617, 0.35309408758033656, 0.2708019449437282, 0.22159725424341517, 0.2543144203407578, 0.3341358921437466, 0.23814587297776205, 0.2482371932259391, 0.09771668875153923, 0.20418015658478386, 0.32781299148703524, 0.15313498875478357, 0.3028204661632129, 0.24694234183479138, 0.36265710455494354, 0.3229231826605345, 0.21813532090795945, 0.22265927803518262, 0.3786098960536243, 0.30647819107572183, 0.23465933218073623, 0.3137600675342111, 0.16057452600278288, 0.3913595967967668, 0.25807682273970256, 0.10115686117030769, 0.33664417029073684, 0.16154295998717175, 0.12840084508801136, 0.16236154660618365, 0.3129089614668457, 0.2980280990129486, 0.32802687967187616, 0.33809345901456, 0.23033361015878537, 0.36352481941934184, 0.24752536723664104},{0.20664376932749304, 0.15719160374203925, 0.22356188594903467, 0.299743031812124, 0.14214945117603253, 0.23152586675001868, 0.0, 0.13014862955893067, 0.17534703171984606, 0.21651786615031138, 0.22303087257530793, 0.1876960357616733, 0.09888174890035675, 0.15393119090652996, 0.22386830977986608, 0.24033694660366595, 0.19557106237077929, 0.16270081386241386, 0.236565336147702, 0.20162592721438535, 0.1910761663591401, 0.16433837495006023, 0.10582002578567953, 0.16342352457544268, 0.20726623498099647, 0.27203157071452594, 0.246758611928202, 0.237490003600762, 0.15377641954600796, 0.21820188567625767, 0.25946558929621155, 0.22280507260473464, 0.2493437003178926, 0.29093029814510935, 0.2217776774729903, 0.24642518640583705, 0.10830726240797024, 0.23105494757068168, 0.3025295373591219, 0.250220423789906, 0.25718415347524487, 0.10892436819843906, 0.10736536878486108, 0.12158328795876149, 0.25935429478304767, 0.19909926769375186, 0.14600861513613056, 0.16922056121315635, 0.22611852886214764, 0.17487269248983847, 0.24912079492220648},{0.17413601412531265, 0.3829892090694021, 0.15105761410095753, 0.14713246475491387, 0.22810377724037662, 0.12574534248391345, 0.13014862955893067, 0.0, 0.2559902896541148, 0.15747625917311217, 0.24991092249750485, 0.206059171034697, 0.3170734841059683, 0.12824396740301272, 0.10486802376473543, 0.1502457065674039, 0.16956902507593546, 0.1704605811135565, 0.13789807202356003, 0.1782610549299209, 0.036608892689384304, 0.10125429858862989, 0.15624905502363817, 0.21449169527279877, 0.02519048565734301, 0.17167547037755893, 0.17929777211405054, 0.13990601077397655, 0.13557683586050057, 0.2678014792295077, 0.06791736184020902, 0.21371287217468574, 0.09836023660534111, 0.23798869034856396, 0.2108366537722096, 0.11530392282329077, 0.3155206877999974, 0.14946305378109742, 0.1906716263749936, 0.15908839593839832, 0.20426435273517485, 0.16106522467133716, 0.3349620001285429, 0.3887581367215045, 0.27810127425646297, 0.16480699219675812, 0.09833198420885128, 0.05542787855109116, 0.1887634371166858, 0.18478569108161252, 0.2206974803012468},{0.19116120998567435, 0.17171984117662978, 0.15205499402436268, 0.17121123018024226, 0.35008831257815703, 0.20605717110341373, 0.17534703171984606, 0.2559902896541148, 0.0, 0.20393927909727044, 0.2514441837831459, 0.1616577984947205, 0.18645994765937404, 0.21957620005563602, 0.2210941643753038, 0.25090359399976947, 0.24082193486369002, 0.2921075207241692, 0.1641796058520438, 0.28213941082332733, 0.15550245896597079, 0.1598805735371455, 0.15486233581002312, 0.19304600165103764, 0.25787018517856614, 0.1040422391263615, 0.23050230638171434, 0.1619864154243279, 0.24839647081598418, 0.2540343031563473, 0.19150269544774223, 0.22070608431439065, 0.2625086857052658, 0.31427305008744977, 0.27802339092786255, 0.18673664112329738, 0.14930812295491924, 0.2741618012671948, 0.2958600064272542, 0.15288950842508628, 0.22121990189012633, 0.22738887268006255, 0.19548146588447868, 0.2252261201109618, 0.26920381387179326, 0.19343260864523174, 0.16580034171371227, 0.16119759378239418, 0.16159854510418303, 0.3031258421452923, 0.21212375020090352},{0.19860694354953767, 0.15472585285249593, 0.349152877359972, 0.30013381746741646, 0.25293381435841417, 0.3773778131168846, 0.21651786615031138, 0.15747625917311217, 0.20393927909727044, 0.0, 0.35484658974782796, 0.2647851291557998, 0.05397460095447953, 0.17726375050061277, 0.307572724041147, 0.29583749370298673, 0.26966483956463333, 0.22070658413887978, 0.2999909203648878, 0.3096537231421705, 0.1998502751399325, 0.21428831680846552, 0.07792437866258226, 0.17937795948010157, 0.39540418922300796, 0.11274735574457147, 0.31016367810487044, 0.20439322018376666, 0.2924836731743298, 0.3076085176148948, 0.3010957001784769, 0.2867688265159916, 0.5388523655807099, 0.3072390074599437, 0.16943392564876772, 0.28822581741743303, 0.12965333910920127, 0.36173752500344797, 0.2946865396353504, 0.27699202746353185, 0.335944536450411, 0.1314921259738169, 0.08295993051551961, 0.13767509985129178, 0.3031117481636307, 0.241120180632885, 0.2908573246666571, 0.3123860756844515, 0.19505571643250474, 0.28825951240377845, 0.24285535127110236},{0.25799358454039506, 0.14592131075626236, 0.28832720553194313, 0.3658167966884522, 0.32958324947682255, 0.43992004224666603, 0.22303087257530793, 0.24991092249750485, 0.2514441837831459, 0.35484658974782796, 0.0, 0.23451701413170273, 0.20312800686070973, 0.35518430010434837, 0.3743951202608332, 0.3785351923061529, 0.3743453157530131, 0.3453861617957421, 0.23731032120482298, 0.3376697401252212, 0.3121004065198918, 0.2976025841407709, 0.11352156167725597, 0.21568643164909124, 0.2976649427768623, 0.20766878589956994, 0.33973600368362505, 0.2870992083790089, 0.4027725262307313, 0.3262328775637794, 0.29157853761787245, 0.2938188308274519, 0.38957351888104197, 0.5279108639737345, 0.31097953461378824, 0.27212482482177364, 0.21599972217778485, 0.3324530405219659, 0.39992874234616765, 0.1799615407994798, 0.44285770398121976, 0.17995618523865617, 0.1404049864524285, 0.22391647600027192, 0.343580713102225, 0.3619093286269422, 0.3278211589127476, 0.30613642786877615, 0.268700000287089, 0.33604363492937156, 0.35282677441330934},{0.15842225707060975, 0.17578509637947096, 0.24325331992573224, 0.24436364277341435, 0.2155440922068265, 0.23584205432305771, 0.1876960357616733, 0.206059171034697, 0.1616577984947205, 0.2647851291557998, 0.23451701413170273, 0.0, 0.2528826246420994, 0.1209120721107869, 0.19067817024332437, 0.1745794482597035, 0.19874858386353503, 0.12922178079733387, 0.1741997503734966, 0.26581362930881525, 0.19987408122534514, 0.11517811928683003, 0.20546353928767472, 0.3520779131835175, 0.16923861053001443, 0.2398858093353892, 0.2676645278597429, 0.182776653825513, 0.19411272572223784, 0.246726389326918, 0.25019291292308693, 0.19880455821062845, 0.19156516689566463, 0.18580024169413975, 0.18224979292201904, 0.17506851977747961, 0.40266927418502513, 0.22141026712546213, 0.2912646803269691, 0.18062102138765163, 0.2661197250875654, 0.19031922169873214, 0.24106251831817188, 0.23414442679592795, 0.305603767980518, 0.12943105306214575, 0.22586105975070597, 0.14886698783041, 0.2432124622718706, 0.19125333418462317, 0.2458943312222721},{0.09504011624545557, 0.24744445231782544, 0.21056541252901753, 0.08270281783042031, 0.15813608992202718, 0.10534502031382388, 0.09888174890035675, 0.3170734841059683, 0.18645994765937404, 0.05397460095447953, 0.20312800686070973, 0.2528826246420994, 0.0, 0.20707784484037403, 0.1457825563843027, 0.13797269021142972, 0.21066520095503893, 0.2071072638978959, 0.18455519906760454, 0.14886124921660884, 0.1317223457500365, 0.09958283028659723, 0.30210670006063717, 0.2530545569682096, 0.058346111929483774, 0.2737668958759714, 0.17919885625212023, 0.1262378794684797, 0.1944787099666403, 0.15020802532237204, 0.1155035817942072, 0.1488468608950781, 0.08177883799411849, 0.17519014481195383, 0.22504082767734396, 0.12287084274218417, 0.4206301642901448, 0.18853084185250976, 0.22472546673555455, 0.07203988058836869, 0.18814140916803493, 0.2704193089634905, 0.38002515316977226, 0.4332894213583022, 0.21414261742518007, 0.0788137149508206, 0.17275552623361864, 0.08558516645395793, 0.18484195663098799, 0.15111265228858092, 0.25491773798915285},{0.22063420955275687, 0.19501589367989886, 0.19077856927277403, 0.25224985656837046, 0.2779626460622247, 0.3669092310537584, 0.15393119090652996, 0.12824396740301272, 0.21957620005563602, 0.17726375050061277, 0.35518430010434837, 0.1209120721107869, 0.20707784484037403, 0.0, 0.2584934908644235, 0.30667889360647504, 0.23048685886412423, 0.31556344121115243, 0.20867937855073768, 0.2573143788109537, 0.26545793006571083, 0.21696913468232337, 0.1157254631319544, 0.12155833207312765, 0.3039128036102724, 0.16969537864336892, 0.20742275940320837, 0.23807339138219852, 0.4077683644332493, 0.2140757781983646, 0.17926990824610625, 0.22892424998643085, 0.25772388436030585, 0.26266879278013133, 0.30467545568010496, 0.2931786360243596, 0.1282043886729888, 0.27977028629256884, 0.20528649956837267, 0.11947138974524707, 0.2651993729793076, 0.2775451994838386, 0.11644186700623285, 0.21485371965461433, 0.21104411973290407, 0.23574097145685247, 0.3547679375198362, 0.3220048032104405, 0.19487070995779143, 0.2178890582905912, 0.2113084731855556},{0.3177308896009046, 0.12927777441875252, 0.26751894833753953, 0.23852981099366768, 0.35148131209451494, 0.46015808046472617, 0.22386830977986608, 0.10486802376473543, 0.2210941643753038, 0.307572724041147, 0.3743951202608332, 0.19067817024332437, 0.1457825563843027, 0.2584934908644235, 0.0, 0.30703132334575306, 0.3282013085279476, 0.20935768186274173, 0.20153431443437073, 0.3120707942662279, 0.20446570106125447, 0.24433089978221348, 0.12629760638937607, 0.2578945264802523, 0.27069523434267734, 0.19213332094669364, 0.30491362942015443, 0.17103976916988792, 0.2867524169157599, 0.2516588093645828, 0.24460496235465412, 0.25335977140989324, 0.3580247957429884, 0.3158793833244922, 0.2303263037483168, 0.3259708761300903, 0.08683533179204966, 0.4289696093434528, 0.31281227665668765, 0.15171435486075469, 0.2525428318407722, 0.17321768063439902, 0.08268658610239235, 0.17687185975054018, 0.29851913838078437, 0.21577814513872604, 0.17282570814391335, 0.33449710649781916, 0.12744689693095584, 0.3540026982714623, 0.23116741136082786},{0.26816173976187263, 0.07648119754479583, 0.2059563475014176, 0.30423136080991453, 0.28296344746647556, 0.35309408758033656, 0.24033694660366595, 0.1502457065674039, 0.25090359399976947, 0.29583749370298673, 0.3785351923061529, 0.1745794482597035, 0.13797269021142972, 0.30667889360647504, 0.30703132334575306, 0.0, 0.2536315681186985, 0.1948514992180017, 0.32436241792076526, 0.29177855658650914, 0.1477687078650569, 0.1754489992139464, 0.10719001636466517, 0.20572708158780356, 0.2931466814718321, 0.16467367770861735, 0.3613004962052992, 0.17957058114995372, 0.18934394957588319, 0.29970759694376153, 0.16320819588821647, 0.2635001446419737, 0.3234281853117328, 0.40319927355525625, 0.18274730985763912, 0.2984949680667781, 0.13633432568582926, 0.38662424227733044, 0.3340605444231061, 0.17744328593362463, 0.30111656372640183, 0.15789786438482092, 0.1011703748490892, 0.19947211459532035, 0.28824971330868443, 0.2623431931139302, 0.2744222085571167, 0.27206750178629285, 0.19128580691055494, 0.3817826120335206, 0.25664600088262934},{0.21757843485965261, 0.10108926659829578, 0.22771904100864443, 0.18567560934513894, 0.2902758571394437, 0.2708019449437282, 0.19557106237077929, 0.16956902507593546, 0.24082193486369002, 0.26966483956463333, 0.3743453157530131, 0.19874858386353503, 0.21066520095503893, 0.23048685886412423, 0.3282013085279476, 0.2536315681186985, 0.0, 0.24804762796936064, 0.18417560385998805, 0.30859236259921674, 0.3648716600955366, 0.3281411531155612, 0.18267731642867358, 0.2187709554582829, 0.23227686008066972, 0.29586748751745484, 0.25505095670334693, 0.1668528767015154, 0.3506778103491471, 0.21412754181104932, 0.2867065307645294, 0.2751511926604094, 0.3251100132070151, 0.35040341897896676, 0.11305984195153912, 0.2261269581972473, 0.1802913559493529, 0.34514277176280406, 0.3191914456858476, 0.17154077911898377, 0.27427751988412014, 0.20736035467713668, 0.09067134317606272, 0.19775189001013058, 0.27083179932701484, 0.20998841710343774, 0.2417039658736607, 0.22949104949742072, 0.22933844654244126, 0.4069642870779055, 0.3764602620833857},{0.119461289590076, 0.1513197468786495, 0.28642924044607015, 0.2000889071041756, 0.23473206587231532, 0.22159725424341517, 0.16270081386241386, 0.1704605811135565, 0.2921075207241692, 0.22070658413887978, 0.3453861617957421, 0.12922178079733387, 0.2071072638978959, 0.31556344121115243, 0.20935768186274173, 0.1948514992180017, 0.24804762796936064, 0.0, 0.2033374751447521, 0.26568324420651895, 0.32008704053580145, 0.31564283223261375, 0.08309492496381286, 0.22498492348320318, 0.2858799297641422, 0.1549309702183059, 0.2276245757689224, 0.20932091542214348, 0.44807009006388376, 0.14711701940437655, 0.29033898482826365, 0.2216537067282498, 0.3456138915315318, 0.34975978843110284, 0.35213428268867925, 0.2406108294246049, 0.18811554308565898, 0.28296767403901585, 0.23919727466483592, 0.09131162463678291, 0.36568626113729097, 0.1911035538950932, 0.16820258113442105, 0.20298099533877595, 0.3224276158133083, 0.21344957363199954, 0.2543409118775123, 0.30492630277993404, 0.2766966092841901, 0.29351980900086927, 0.31551604853354764},{0.26581272879728535, 0.12058379181892584, 0.37503317321891244, 0.2687903671865112, 0.26491573159887466, 0.2543144203407578, 0.236565336147702, 0.13789807202356003, 0.1641796058520438, 0.2999909203648878, 0.23731032120482298, 0.1741997503734966, 0.18455519906760454, 0.20867937855073768, 0.20153431443437073, 0.32436241792076526, 0.18417560385998805, 0.2033374751447521, 0.0, 0.1977648753824688, 0.20100137440606425, 0.09993857606929331, 0.09586739256716774, 0.19498062235206826, 0.21538829973250137, 0.24657375736603349, 0.24435386432893316, 0.15006579551390428, 0.1957168992290852, 0.17840393599537707, 0.18915029433160574, 0.1728865326516702, 0.2678425830419667, 0.2875044393966572, 0.2159471427670682, 0.2915893465547449, 0.15159753450208513, 0.409781163792776, 0.31869485920632706, 0.18787548033046736, 0.2647205226372393, 0.20035229841463081, 0.16189648872353324, 0.2468799527073078, 0.2522826271279007, 0.22024082257212957, 0.22777794596321527, 0.1636009122845954, 0.2462988739837695, 0.2621297225991633, 0.2744948988624631},{0.24809430052072287, 0.2487846508740813, 0.2636468502348959, 0.30304332748428614, 0.2760828961073799, 0.3341358921437466, 0.20162592721438535, 0.1782610549299209, 0.28213941082332733, 0.3096537231421705, 0.3376697401252212, 0.26581362930881525, 0.14886124921660884, 0.2573143788109537, 0.3120707942662279, 0.29177855658650914, 0.30859236259921674, 0.26568324420651895, 0.1977648753824688, 0.0, 0.3501050567272017, 0.23004915622304636, 0.16211357937792206, 0.16203441139101454, 0.44613436969757375, 0.26216925788274986, 0.2832974680016517, 0.2536154207222124, 0.36171068666569883, 0.33859902660130725, 0.2975673375497271, 0.294104812284712, 0.3825759305153774, 0.2617054250453589, 0.17109662104784412, 0.3119681724350628, 0.26626029756747266, 0.31337679481697184, 0.26488473455843364, 0.08573858856746927, 0.23237593094216336, 0.28309701884251726, 0.1812575539755367, 0.3180575991181398, 0.28213268072191083, 0.30780919587733113, 0.32743189870190414, 0.3508122492302345, 0.2588160968317866, 0.3463143968968181, 0.2886198616948623},{0.17873069344091896, 0.11077790435003314, 0.26441672570579244, 0.23290703670671228, 0.07240466546281173, 0.23814587297776205, 0.1910761663591401, 0.036608892689384304, 0.15550245896597079, 0.1998502751399325, 0.3121004065198918, 0.19987408122534514, 0.1317223457500365, 0.26545793006571083, 0.20446570106125447, 0.1477687078650569, 0.3648716600955366, 0.32008704053580145, 0.20100137440606425, 0.3501050567272017, 0.0, 0.3045509217093208, 0.16968606662796845, 0.07943754476792872, 0.2934987866330217, 0.29314781213876834, 0.2057884457315188, 0.19644850703197606, 0.38235549142508307, 0.14878563549924562, 0.5498547657031893, 0.10476280392865628, 0.2430392991965692, 0.26796255643321787, 0.17026254812262265, 0.3013138718189946, 0.16254369315019787, 0.18293226536495016, 0.1837340069404405, 0.10893610454198498, 0.3499813513213967, 0.17491794443185046, 0.1183942207461597, 0.10222312145866495, 0.25283181725379733, 0.3073117249689706, 0.3165361042541364, 0.3130615897151931, 0.18964639654630613, 0.3426650047088164, 0.40967795228589227},{0.1988412236520168, 0.05281407444796651, 0.17024684373541996, 0.15538771643170327, 0.16229514325132746, 0.2482371932259391, 0.16433837495006023, 0.10125429858862989, 0.1598805735371455, 0.21428831680846552, 0.2976025841407709, 0.11517811928683003, 0.09958283028659723, 0.21696913468232337, 0.24433089978221348, 0.1754489992139464, 0.3281411531155612, 0.31564283223261375, 0.09993857606929331, 0.23004915622304636, 0.3045509217093208, 0.0, 0.08678721495580519, 0.16838586888891482, 0.20310024471262073, 0.14327665613903984, 0.20742707860429707, 0.1408167310880297, 0.3181430460761744, 0.11192932857464816, 0.2994133468288702, 0.2391095659165372, 0.2876798123544291, 0.22491569048955581, 0.16198174517989922, 0.21419612330433974, 0.07863406362072639, 0.2202474692382075, 0.17451324855199365, 0.13643729741693184, 0.20163014870818616, 0.12925125037617394, 0.07775853298642481, 0.10254683021270929, 0.19554337454502674, 0.1748682500575781, 0.25675268905773396, 0.2532553582214235, 0.20661656334625036, 0.25312007727421176, 0.29195321683594194},{0.1567439993256435, 0.2006854872656932, 0.21923736363974147, 0.09981929734610698, 0.2126075461094445, 0.09771668875153923, 0.10582002578567953, 0.15624905502363817, 0.15486233581002312, 0.07792437866258226, 0.11352156167725597, 0.20546353928767472, 0.30210670006063717, 0.1157254631319544, 0.12629760638937607, 0.10719001636466517, 0.18267731642867358, 0.08309492496381286, 0.09586739256716774, 0.16211357937792206, 0.16968606662796845, 0.08678721495580519, 0.0, 0.1712828849472574, 0.06320073893306324, 0.2753580085100721, 0.1731104429238543, 0.12415850757097788, 0.12432419375546612, 0.12251123808097097, 0.0907794489684047, 0.059934805171423675, 0.06095576627306837, 0.1591681770351889, 0.07427906185299418, 0.13419796879246007, 0.230155328545896, 0.15486536840099174, 0.1392311510517817, 0.02111351590295081, 0.14002273990472955, 0.2975529360635455, 0.2608500625935176, 0.2170906880128547, 0.2063637061059628, 0.12734112983982174, 0.10725772450461102, 0.0910051339128056, 0.12365546391997884, 0.215740232132834, 0.16727556571202515},{0.11778909766671683, 0.11305701738678715, 0.25924482039114644, 0.17155272967923804, 0.24148704763934267, 0.20418015658478386, 0.16342352457544268, 0.21449169527279877, 0.19304600165103764, 0.17937795948010157, 0.21568643164909124, 0.3520779131835175, 0.2530545569682096, 0.12155833207312765, 0.2578945264802523, 0.20572708158780356, 0.2187709554582829, 0.22498492348320318, 0.19498062235206826, 0.16203441139101454, 0.07943754476792872, 0.16838586888891482, 0.1712828849472574, 0.0, 0.09634846642966423, 0.22251055950017007, 0.2047912740772558, 0.1592981424132082, 0.17481963996374372, 0.15776577619098803, 0.16125240989052703, 0.2135124791789259, 0.21468399750295328, 0.21585818723786374, 0.17330781208105575, 0.2184275613492004, 0.2688633680351765, 0.3461536745872075, 0.2503349819200847, 0.21991756148784752, 0.22026197715323018, 0.18452835316001484, 0.22281735249515253, 0.22217698060877436, 0.28219169627839463, 0.11112065664900465, 0.18505729435726834, 0.09218915594404757, 0.19133284310450452, 0.24618966381942917, 0.19896161939331183},{0.16189791026443054, 0.12536817384040258, 0.27436477054049496, 0.3320714372983867, 0.23564193882543802, 0.32781299148703524, 0.20726623498099647, 0.02519048565734301, 0.25787018517856614, 0.39540418922300796, 0.2976649427768623, 0.16923861053001443, 0.058346111929483774, 0.3039128036102724, 0.27069523434267734, 0.2931466814718321, 0.23227686008066972, 0.2858799297641422, 0.21538829973250137, 0.44613436969757375, 0.2934987866330217, 0.20310024471262073, 0.06320073893306324, 0.09634846642966423, 0.0, 0.10358382948455568, 0.22604116921261805, 0.2971571470307889, 0.3603077698013678, 0.31653930958419974, 0.3278193586737969, 0.3009855721847581, 0.4943929171675137, 0.27803662972632637, 0.23871983367804048, 0.41210102657059305, 0.10160366472888563, 0.20034150641051182, 0.23209903345832783, 0.09790045776130077, 0.2686430449798927, 0.19331640727308327, 0.020665652489148145, 0.1541066942032353, 0.23530175822667812, 0.29467703928535455, 0.2817683498434921, 0.4018853876314955, 0.2445107142739282, 0.26890630541293353, 0.20009901993346743},{0.15212209166523166, 0.1836715604691238, 0.3116378381251688, 0.20696922197163856, 0.1822453953331893, 0.15313498875478357, 0.27203157071452594, 0.17167547037755893, 0.1040422391263615, 0.11274735574457147, 0.20766878589956994, 0.2398858093353892, 0.2737668958759714, 0.16969537864336892, 0.19213332094669364, 0.16467367770861735, 0.29586748751745484, 0.1549309702183059, 0.24657375736603349, 0.26216925788274986, 0.29314781213876834, 0.14327665613903984, 0.2753580085100721, 0.22251055950017007, 0.10358382948455568, 0.0, 0.23293464110708648, 0.06478905334879444, 0.18026137573005013, 0.16681675448109518, 0.24654478227831672, 0.17692683166338347, 0.13282630518186353, 0.19153792222542246, 0.11576787782765333, 0.2820925509732556, 0.27166196915128205, 0.24377259277090255, 0.1935263850145497, 0.11789558206826979, 0.16927691793770344, 0.21397664437854796, 0.16108866244470704, 0.22956502241117727, 0.2152669405089308, 0.21999628646163447, 0.23780997837076268, 0.15234825425051815, 0.23789580157358445, 0.22943926592038474, 0.26576402066717353},{0.23030949734252987, 0.12808517743594913, 0.2532454701147235, 0.30458217695915624, 0.27578492944661115, 0.3028204661632129, 0.246758611928202, 0.17929777211405054, 0.23050230638171434, 0.31016367810487044, 0.33973600368362505, 0.2676645278597429, 0.17919885625212023, 0.20742275940320837, 0.30491362942015443, 0.3613004962052992, 0.25505095670334693, 0.2276245757689224, 0.24435386432893316, 0.2832974680016517, 0.2057884457315188, 0.20742707860429707, 0.1731104429238543, 0.2047912740772558, 0.22604116921261805, 0.23293464110708648, 0.0, 0.1353856514652036, 0.2118761376639156, 0.26961299750805645, 0.2111922712945979, 0.22701202105920076, 0.287399215650069, 0.392181826578318, 0.1752676320442702, 0.1947009344859084, 0.2987508569433031, 0.3367561252010069, 0.3406611053084026, 0.1671351710328051, 0.3063760554239716, 0.21041066618658572, 0.1741937810837975, 0.22159925261454197, 0.30933589703754394, 0.19767940843498708, 0.21808193842294413, 0.24408687185440553, 0.19923189161252333, 0.2448110396671941, 0.2606127076884944},{0.12064920551166129, 0.1825203142808989, 0.20023407000559762, 0.3030563811923187, 0.23061660149499236, 0.24694234183479138, 0.237490003600762, 0.13990601077397655, 0.1619864154243279, 0.20439322018376666, 0.2870992083790089, 0.182776653825513, 0.1262378794684797, 0.23807339138219852, 0.17103976916988792, 0.17957058114995372, 0.1668528767015154, 0.20932091542214348, 0.15006579551390428, 0.2536154207222124, 0.19644850703197606, 0.1408167310880297, 0.12415850757097788, 0.1592981424132082, 0.2971571470307889, 0.06478905334879444, 0.1353856514652036, 0.0, 0.23707870574841675, 0.3731300868354938, 0.20210573947045968, 0.20626562429174494, 0.2206939320883761, 0.2120122459465582, 0.1922704470031606, 0.17478510827056987, 0.07181934313694073, 0.15361038857864642, 0.23679695053407035, 0.15823498921659263, 0.30263501368159, 0.13624618483746867, 0.11882456111215542, 0.1310361452828213, 0.3153088270777074, 0.22378011986112875, 0.1466321356245085, 0.2075731945217373, 0.25810985107141887, 0.1539760061405322, 0.2547324629771524},{0.1583899409245368, 0.1826475059196007, 0.2967941467250653, 0.25560247223846194, 0.27236488318601293, 0.36265710455494354, 0.15377641954600796, 0.13557683586050057, 0.24839647081598418, 0.2924836731743298, 0.4027725262307313, 0.19411272572223784, 0.1944787099666403, 0.4077683644332493, 0.2867524169157599, 0.18934394957588319, 0.3506778103491471, 0.44807009006388376, 0.1957168992290852, 0.36171068666569883, 0.38235549142508307, 0.3181430460761744, 0.12432419375546612, 0.17481963996374372, 0.3603077698013678, 0.18026137573005013, 0.2118761376639156, 0.23707870574841675, 0.0, 0.19572925214907275, 0.3326116882527066, 0.23390967354449327, 0.40299784797197885, 0.32963287174832195, 0.29255202465290575, 0.2572906442409586, 0.16865427182111256, 0.22241086590048206, 0.24183175622854633, 0.04375173396962933, 0.3827415402176881, 0.24227632692733275, 0.136067754198481, 0.18755731124470407, 0.30518525951168773, 0.23036365208181542, 0.356376105455181, 0.40658240875656215, 0.2546096285690931, 0.3062115913521459, 0.33998184190770425},{0.2061033633546769, 0.23200132341187682, 0.1990254373659451, 0.33460116840556237, 0.258728101346417, 0.3229231826605345, 0.21820188567625767, 0.2678014792295077, 0.2540343031563473, 0.3076085176148948, 0.3262328775637794, 0.246726389326918, 0.15020802532237204, 0.2140757781983646, 0.2516588093645828, 0.29970759694376153, 0.21412754181104932, 0.14711701940437655, 0.17840393599537707, 0.33859902660130725, 0.14878563549924562, 0.11192932857464816, 0.12251123808097097, 0.15776577619098803, 0.31653930958419974, 0.16681675448109518, 0.26961299750805645, 0.3731300868354938, 0.19572925214907275, 0.0, 0.18294898107159133, 0.28288103948979265, 0.2613195279249153, 0.2570281852005305, 0.22934692919054617, 0.23424417366474726, 0.20266799502339364, 0.23807491656764249, 0.2706423682019674, 0.12882041317903042, 0.2514830406945617, 0.12583514883284172, 0.13823450935452916, 0.1885969128480349, 0.27052617322107403, 0.2794238955135017, 0.1601144391431807, 0.25298814529605207, 0.2580010623518677, 0.21495445863260226, 0.245586258048176},{0.13098006027755335, 0.06463197232002049, 0.2635844139016108, 0.22617977727597235, 0.04817024414415898, 0.21813532090795945, 0.25946558929621155, 0.06791736184020902, 0.19150269544774223, 0.3010957001784769, 0.29157853761787245, 0.25019291292308693, 0.1155035817942072, 0.17926990824610625, 0.24460496235465412, 0.16320819588821647, 0.2867065307645294, 0.29033898482826365, 0.18915029433160574, 0.2975673375497271, 0.5498547657031893, 0.2994133468288702, 0.0907794489684047, 0.16125240989052703, 0.3278193586737969, 0.24654478227831672, 0.2111922712945979, 0.20210573947045968, 0.3326116882527066, 0.18294898107159133, 0.0, 0.17883659701864624, 0.3390095108818726, 0.2489129892404804, 0.13851647072372925, 0.2962909749287391, 0.13912643389424567, 0.19139440878671596, 0.18900252634147022, 0.20421895224558834, 0.3450779390852186, 0.133005087267856, 0.09250150066295384, 0.06751438867186074, 0.2613549592146042, 0.28942064201287426, 0.2708860213268343, 0.29702169717519045, 0.1467762899062399, 0.30208728902607973, 0.4406609675578725},{0.20012048024237827, 0.14921298020402637, 0.16604366660333375, 0.2301301301296051, 0.2806306615127182, 0.22265927803518262, 0.22280507260473464, 0.21371287217468574, 0.22070608431439065, 0.2867688265159916, 0.2938188308274519, 0.19880455821062845, 0.1488468608950781, 0.22892424998643085, 0.25335977140989324, 0.2635001446419737, 0.2751511926604094, 0.2216537067282498, 0.1728865326516702, 0.294104812284712, 0.10476280392865628, 0.2391095659165372, 0.059934805171423675, 0.2135124791789259, 0.3009855721847581, 0.17692683166338347, 0.22701202105920076, 0.20626562429174494, 0.23390967354449327, 0.28288103948979265, 0.17883659701864624, 0.0, 0.3248674409410235, 0.27194303997811514, 0.2282118615832339, 0.1797211255968359, 0.17732282541271005, 0.2270294171555131, 0.30212995435819695, 0.16675207075193926, 0.22745071948387496, 0.1547365695268529, 0.12392397576266459, 0.18292856608364041, 0.21236089940021674, 0.20451068603705483, 0.22755378499088957, 0.2765544349999882, 0.21434290692841299, 0.21239223086640774, 0.22281302589677357},{0.2075203735231033, 0.11622645398799629, 0.3560834193734207, 0.31926217697449094, 0.34719788159880877, 0.3786098960536243, 0.2493437003178926, 0.09836023660534111, 0.2625086857052658, 0.5388523655807099, 0.38957351888104197, 0.19156516689566463, 0.08177883799411849, 0.25772388436030585, 0.3580247957429884, 0.3234281853117328, 0.3251100132070151, 0.3456138915315318, 0.2678425830419667, 0.3825759305153774, 0.2430392991965692, 0.2876798123544291, 0.06095576627306837, 0.21468399750295328, 0.4943929171675137, 0.13282630518186353, 0.287399215650069, 0.2206939320883761, 0.40299784797197885, 0.2613195279249153, 0.3390095108818726, 0.3248674409410235, 0.0, 0.3869504366690215, 0.24906209615262706, 0.3582624308728701, 0.09608001939653173, 0.35976676882470887, 0.3362594754196757, 0.16425378821583997, 0.3124605689432412, 0.15193261689249507, 0.007571402478948882, 0.13395311186590775, 0.32513568645017954, 0.23571745597788832, 0.32359826694716143, 0.40402512856196027, 0.24419275376543456, 0.3172433133512013, 0.2869186723332072},{0.18986683435894747, 0.15696081529817563, 0.2850390108355868, 0.3282767515397413, 0.3469749834230078, 0.30647819107572183, 0.29093029814510935, 0.23798869034856396, 0.31427305008744977, 0.3072390074599437, 0.5279108639737345, 0.18580024169413975, 0.17519014481195383, 0.26266879278013133, 0.3158793833244922, 0.40319927355525625, 0.35040341897896676, 0.34975978843110284, 0.2875044393966572, 0.2617054250453589, 0.26796255643321787, 0.22491569048955581, 0.1591681770351889, 0.21585818723786374, 0.27803662972632637, 0.19153792222542246, 0.392181826578318, 0.2120122459465582, 0.32963287174832195, 0.2570281852005305, 0.2489129892404804, 0.27194303997811514, 0.3869504366690215, 0.0, 0.30748925851277087, 0.2395607725151218, 0.19880792906792819, 0.3850372145133937, 0.4046577091989611, 0.1856364354344762, 0.41699136367968015, 0.1444439096456721, 0.1194807423869347, 0.1899300573402475, 0.3766636930009068, 0.2740635972488322, 0.27297715277695256, 0.259407045197683, 0.2643535711485046, 0.36203870971661267, 0.31710263524550925},{0.20912175490245155, 0.24187628198247088, 0.20367586409310004, 0.25508549378522744, 0.27468457522335576, 0.23465933218073623, 0.2217776774729903, 0.2108366537722096, 0.27802339092786255, 0.16943392564876772, 0.31097953461378824, 0.18224979292201904, 0.22504082767734396, 0.30467545568010496, 0.2303263037483168, 0.18274730985763912, 0.11305984195153912, 0.35213428268867925, 0.2159471427670682, 0.17109662104784412, 0.17026254812262265, 0.16198174517989922, 0.07427906185299418, 0.17330781208105575, 0.23871983367804048, 0.11576787782765333, 0.1752676320442702, 0.1922704470031606, 0.29255202465290575, 0.22934692919054617, 0.13851647072372925, 0.2282118615832339, 0.24906209615262706, 0.30748925851277087, 0.0, 0.24958540683763605, 0.1626324639472057, 0.13774396894994506, 0.26623534341072513, 0.18369970047211584, 0.2826547979894738, 0.20836346221929877, 0.2279638403489162, 0.22177558581625026, 0.268832565368736, 0.1992081334465703, 0.2130759359298181, 0.2408112572375887, 0.21196922532545492, 0.10165691145463711, 0.17303189034450728},{0.25518221075871317, 0.13245354300433815, 0.27219070596479444, 0.2964199359431228, 0.25499850559850007, 0.3137600675342111, 0.24642518640583705, 0.11530392282329077, 0.18673664112329738, 0.28822581741743303, 0.27212482482177364, 0.17506851977747961, 0.12287084274218417, 0.2931786360243596, 0.3259708761300903, 0.2984949680667781, 0.2261269581972473, 0.2406108294246049, 0.2915893465547449, 0.3119681724350628, 0.3013138718189946, 0.21419612330433974, 0.13419796879246007, 0.2184275613492004, 0.41210102657059305, 0.2820925509732556, 0.1947009344859084, 0.17478510827056987, 0.2572906442409586, 0.23424417366474726, 0.2962909749287391, 0.1797211255968359, 0.3582624308728701, 0.2395607725151218, 0.24958540683763605, 0.0, 0.10403580933259478, 0.3329114344454507, 0.24164803170467355, 0.13816124252332862, 0.2205492723645049, 0.2204962328559522, 0.145621993597696, 0.16844545224185908, 0.24544281072940344, 0.24850217114960485, 0.2106194963570333, 0.29847041753216175, 0.19403114380653208, 0.31994120839181417, 0.18994778477214902},{0.10549585636017828, 0.29045480330360196, 0.21980762345203927, 0.17964269836945873, 0.1863606975483112, 0.16057452600278288, 0.10830726240797024, 0.3155206877999974, 0.14930812295491924, 0.12965333910920127, 0.21599972217778485, 0.40266927418502513, 0.4206301642901448, 0.1282043886729888, 0.08683533179204966, 0.13633432568582926, 0.1802913559493529, 0.18811554308565898, 0.15159753450208513, 0.26626029756747266, 0.16254369315019787, 0.07863406362072639, 0.230155328545896, 0.2688633680351765, 0.10160366472888563, 0.27166196915128205, 0.2987508569433031, 0.07181934313694073, 0.16865427182111256, 0.20266799502339364, 0.13912643389424567, 0.17732282541271005, 0.09608001939653173, 0.19880792906792819, 0.1626324639472057, 0.10403580933259478, 0.0, 0.16354148024523962, 0.1820205213544734, 0.08017557762655196, 0.21916523023614054, 0.2325533964165678, 0.36387193337598883, 0.3723460166811902, 0.2449995894205854, 0.14090760405989258, 0.18991865164385516, 0.14945775161539296, 0.15796376925732125, 0.1472927868937599, 0.24302519567082995},{0.3580449687188712, 0.11679329216040035, 0.3868422468757262, 0.2585970838612227, 0.42170682674332194, 0.3913595967967668, 0.23105494757068168, 0.14946305378109742, 0.2741618012671948, 0.36173752500344797, 0.3324530405219659, 0.22141026712546213, 0.18853084185250976, 0.27977028629256884, 0.4289696093434528, 0.38662424227733044, 0.34514277176280406, 0.28296767403901585, 0.409781163792776, 0.31337679481697184, 0.18293226536495016, 0.2202474692382075, 0.15486536840099174, 0.3461536745872075, 0.20034150641051182, 0.24377259277090255, 0.3367561252010069, 0.15361038857864642, 0.22241086590048206, 0.23807491656764249, 0.19139440878671596, 0.2270294171555131, 0.35976676882470887, 0.3850372145133937, 0.13774396894994506, 0.3329114344454507, 0.16354148024523962, 0.0, 0.3725029086675885, 0.1539606233585126, 0.3522274362266568, 0.2103409128303152, 0.1530572607943736, 0.25561115494108705, 0.3597937487650242, 0.1982739630733483, 0.23159435204420573, 0.2346581083754846, 0.21307553762676387, 0.4193925485410722, 0.31899510229274997},{0.2626318554490497, 0.15120847168295323, 0.2536829207233756, 0.2535382085997653, 0.31604014639803796, 0.25807682273970256, 0.3025295373591219, 0.1906716263749936, 0.2958600064272542, 0.2946865396353504, 0.39992874234616765, 0.2912646803269691, 0.22472546673555455, 0.20528649956837267, 0.31281227665668765, 0.3340605444231061, 0.3191914456858476, 0.23919727466483592, 0.31869485920632706, 0.26488473455843364, 0.1837340069404405, 0.17451324855199365, 0.1392311510517817, 0.2503349819200847, 0.23209903345832783, 0.1935263850145497, 0.3406611053084026, 0.23679695053407035, 0.24183175622854633, 0.2706423682019674, 0