{0.0, 0.1135367396789153, 0.189040123189284, 0.11641683669868798, 0.33840431030764023, 0.3325935215891473, 0.24314785914896828, 0.45396896917289087, 0.1773059673106739, 0.16928835737071118, 0.057584857107493614, 0.35212528730265946, 0.12288807308835524, 0.34476265285454566, 0.22868683932203115, 0.26598513205931, 0.3653832611926667, 0.18662433795708483, 0.3033471905935067, 0.421046009748501, 0.15716494891480343, 0.12426693565019495, 0.18153227792196286, 0.28529079635411525, 0.3013198961425921, 0.30886932742995693, 0.13182371816258362, 0.1965377898321869, 0.3376940270552518, 0.38328621328184853, 0.1489524257305804, 0.1260086741837036, 0.38823583994155253, 0.35446510115078955, 0.3364198807004314, 0.3608456989202949, 0.3080977651395824, 0.19673235415753088, 0.11116765110017657, 0.26438741016288225, 0.2362335267151752, 0.4147429031308424, 0.06530254855811984, 0.372369884842826, 0.19709401593713471, 0.043949428917647006, 0.3258714032524946, 0.17557918261278688, 0.27041148295082373, 0.2394347367643897, 0.3236909355851344, 0.35216751972549315, 0.3605127140091567, 0.2061456743313865, 0.20934882657749485, 0.30813028577245677, 0.2428351292402876, 0.28943324294040296, 0.31671534109333344, 0.2690373322094164, 0.0944197181254766, 0.3374663187335905, 0.2596467186531634, 0.16473404652971538, 0.14943417788114813, 0.28527267190657213, 0.24723211603422324, 0.11891361246868841, 0.15961062412680815, 0.43335133605349907, 0.4005888379650148, 0.14724258026624007, 0.29736425322081594, 0.28368729770445433, 0.15072261955553118, 0.47447932963789313, 0.09082251749302991, 0.365561497809695, 0.18967331405958793, 0.34262355629592545, -0.06551324962458567, 0.16309699882795953, 0.24125206898835458, 0.22296852000308157, 0.31785836565878367, 0.013049764617632744, 0.15283009962854832, 0.25237525149159024, 0.1527627695967838, 0.19134705407729122, 0.25890122187684794, 0.10476232403564739, 0.2673434758107894, 0.2863735381333721, 0.16399762356207867, 0.10719752374159514, 0.2748685885281235, 0.15145295785411694, 0.3600952047796406, 0.16371474703566335, 0.24730816167701397, 0.3898978223817699, 0.27674008525981175, 0.02893135045817793, 0.41740184346378306, 0.4004971241292615, 0.3378935329787863, 0.45532109339951987, 0.27263630039568, 0.2821021640059299, 0.06569437014106132, 0.11770878344609917, 0.2190354217631576, 0.372685842850712, 0.2138653015763279, 0.1615819166784617, 0.22135559574221933, 0.12243888122266164, 0.16179469304916694, 0.24093885335914922, 0.162972072301308, 0.0904687718517963, 0.21476658612961788, 0.18337320096406, 0.35034386874668266, 0.1962292888967791, 0.44686641622736956, 0.13709775923833262, 0.32430703694987106, 0.397602246526653, 0.1981771895722965, 0.34601323369968107, 0.27693129382466547, 0.18396674616679976, 0.32902846607025216, 0.2703719039619279, 0.1393330629173947, 0.10807238895727767, 0.332843576204848, 0.23762115480729448, 0.14802854272928162, 0.27212015209309615, 0.10207413281708129, 0.28249554932323406, 0.1293991509773565, 0.2857188424274027, 0.420010953264918, 0.26691203267260644, 0.2782230342177761, 0.26615926009186897, 0.24027685015471428},{0.1135367396789153, 0.0, 0.06965689365897328, 0.09811875600113487, 0.09848776143709664, 0.0652233750851484, 0.09204627359383859, 0.13211066217248746, 0.17864926186163094, -0.003439052400795012, -0.03666786898173439, 0.1569425982208174, 0.20986744077758598, 0.08305485900150783, 0.0823476836317362, 0.04730693740980713, 0.17273297020491696, 0.1539709875262258, 0.22597592726763163, 0.09369015512175315, -0.016563375877240466, 0.15452173995718385, 0.1171468348121592, 0.05437808564366821, 0.2967566689119421, 0.13078080641325848, 0.04766294964544934, 0.17026369704699565, 0.16323305031513652, 0.15064251377317092, 0.008247466229395994, 0.10922742307398842, 0.1174250763595564, 0.0710818809865812, -0.04585291265748207, 0.13620347918766032, 0.25748715452625587, 0.21757782720800692, 0.15404766562146202, 0.0842094907213667, 0.08236392681901578, 0.131958472898361, 0.07506482270398644, 0.18796309490662488, 0.16500782032313038, 0.08833270437016198, 0.12015797716681544, 0.08309027623067201, 0.260476991537257, -0.08337888054083047, 0.32821648502095485, 0.1842529965932277, 0.10177188992508157, 0.2103829936648217, 0.03935111761894175, 0.06053098338263994, 0.12312822400705856, 0.08201846630194247, 0.06106183487469056, 0.03321801099783258, 0.04172122563435351, 0.09005620112939823, 0.26624456951933656, 0.007492368191702719, -0.06922408736280788, 0.10258335846423372, -0.002405660601099725, 0.023239751521186576, -0.012695930660450497, 0.11665167785658916, 0.1156371422650213, 0.002263669892075805, 0.06378748492533592, 0.09851628629783288, 0.006654483062577635, 0.17806144115841668, 0.06289297772832847, 0.16229985837117075, 0.19040709958918955, 0.05145966770811369, -0.04372809909110429, 0.11028711715424655, 0.03701409714358508, 0.1877037611117384, 0.3258220111723248, 0.20823656731003348, -0.01079229509832606, -0.0038115599501563403, 0.08791277819635776, 0.10784109021599346, 0.14996852087768234, 0.05204557185288643, 0.1089534366965799, 0.06155282841603294, 0.315502885557823, 0.09493930600884257, 0.06478718099333806, 0.14240194914684512, 0.12666447597177674, 0.0343556587617946, 0.09534755989344113, 0.15462316734538542, 0.09498838677518627, 0.07919899889685839, 0.1935783955472387, 0.17901597111141096, 0.08606493742732656, 0.15900348981378076, 0.15341627496013752, 0.11643223998140102, 0.05345289303298007, 0.1953420834612116, 0.018403380577075003, 0.12371133649889278, 0.04543000777775778, 0.13190759433380161, 0.14052927472822768, 0.049182739083816845, 0.0018634894463210566, 0.17067382164269146, 0.014395877978228036, 0.3621972218123638, 0.03591661903666799, 0.06339386629820816, 0.19579016010083183, 0.05065015341483534, 0.10158031269743746, -0.015460084848181033, 0.12116203451647795, 0.15314790562167488, 0.11086677352082129, 0.13708481939077782, 0.07587762369954726, 0.15051013731845556, 0.24368626644073338, 0.03160622862263689, 0.1494123184344718, -0.08357556253630266, 0.13452063310550078, 0.27699283730279567, 0.20160891812064682, 0.08964528458406243, 0.04877825435152428, 0.27456362001984624, 0.03355790475671544, -0.027508322634634912, 0.1674623022663187, 0.06898092012347978, 0.21887882584377244, 0.13724954830668173, 0.29253600338151714},{0.189040123189284, 0.06965689365897328, 0.0, 0.2398954067701959, 0.3345455326602695, 0.20624831182037226, 0.3018781450088608, 0.26800722635907454, 0.10535886158561264, 0.27431438312383394, 0.14227029126156612, 0.19475393004639144, 0.13065911474713726, 0.2999642300228888, 0.223552135593416, 0.25005328625208717, 0.18167804850271027, 0.03048032286466331, 0.06223224610200849, 0.21305379158140966, 0.1684669086040148, 0.16321213886409577, 0.03597003490439811, 0.19043194480355288, 0.17758149955640642, 0.28306081757389184, 0.1610783560158282, 0.009792629692461146, 0.231968792986613, 0.18241104114489293, 0.2251134865244648, 0.18495766637237576, 0.23764054215498306, 0.1931547066017745, 0.10829574131897045, 0.1452028971965013, 0.20802928094978762, 0.18825397656784143, -0.04211393559614038, 0.1851009324464914, 0.3728118801118181, 0.1841708677610404, 0.2928775068482044, 0.3520620249453201, 0.206546170735455, 0.16090833880271904, 0.08430155736157872, 0.14672654573898242, 0.05899436508789449, 0.25091088654887783, 0.1825751097416367, 0.2168936553674678, 0.18753180961365645, 0.10620308733847823, 0.197950729919128, 0.11837310043940705, 0.30381558061629355, 0.3173779025096283, 0.2919145751088672, 0.15183159830659881, 0.13304018320949243, 0.12167168325385928, 0.20454402027452628, 0.035993222174201055, 0.24269233358880707, 0.2118832064527811, 0.07790157212441358, 0.33660800236733207, 0.12310343229044642, 0.17653325340197037, 0.2714585843074824, 0.010024628601662523, 0.25096531636087466, 0.2722784560557534, 0.07344912866492509, 0.16075737041858382, 0.20112631441557433, 0.20403935768504, -0.06359478496802291, 0.10348139645244733, -0.1439976389500714, 0.014601704382419551, 0.26844903529543157, 0.16911411274525703, 0.07444743480379495, -0.058049126303569065, 0.19288648731717656, 0.017524502040745616, 0.3208509668542522, 0.19307125905251768, 0.17978618390281587, 0.21795103091124576, 0.06033877791326321, 0.2539979088083132, 0.07187749599114457, 0.08957765613379545, 0.3925733544814607, 0.11609610489407704, 0.2465261504412216, 0.2486285324403119, 0.2145122269386891, 0.09679878188092399, 0.11110885820674747, 0.007601475610668096, 0.13808948053445336, 0.3015342792000257, 0.316324410851653, 0.22639968079866685, 0.17529957159634482, 0.11365796170639085, 0.042450341470745, 0.1426726871656848, 0.2934649288082749, 0.27991703551508557, 0.2803726205683083, 0.3022284814366109, 0.27174342517482714, 0.18513765199304713, 0.174798093031859, 0.08001595985898727, 0.3504993861080451, -0.08475161074218451, 0.16142869294596682, 0.2794573747737104, 0.2594792806616568, -0.07804947444967072, 0.12203887243834001, 0.1757780102744601, 0.2645000984303406, 0.17192941589794866, 0.07640716629344711, 0.2623308214423294, 0.32897922361616105, 0.22961995579655267, 0.10801550259691217, 0.12636967868156168, 0.02571944033544975, 0.19310336695616973, 0.28879500195526, 0.20383499228932228, 0.20627342991316752, 0.18047179422216245, 0.002398797433470723, 0.22093705453882434, 0.23229522510088194, 0.17760947050267833, 0.17800157224286292, 0.3130684439357245, 0.26894682037743917, 0.26134518477493973, 0.21809171282712608},{0.11641683669868798, 0.09811875600113487, 0.2398954067701959, 0.0, 0.2959563780923785, 0.06423717568430207, 0.33130106847877766, 0.09470540289736207, 0.04060326902703874, 0.23289095449096855, -0.026308928114101023, -0.06825442111827461, 0.20586195297910226, 0.1528386477768633, 0.2098092002526012, 0.3989112451830606, 0.19324995245052923, 0.119308162607364, 0.14458806934155777, 0.06655493298782524, 0.18605992738268834, 0.32664803769182865, 0.021442520610896715, 0.15145887181307852, 0.22265166098088637, 0.37050045494839573, 0.39561490200182925, 0.037417180784246884, 0.2438224758081437, 0.12244200896906603, 0.14809031180982307, 0.07663382572964725, 0.27472388626771105, 0.11567883760540792, 0.12138347881977045, 0.04136382599858366, 0.0017350205791505189, 0.16088840885926856, -0.1781574141517459, 0.13381022943424567, 0.35938879677618135, 0.17118986674713008, 0.3090400412473476, 0.3004404636303592, 0.24158401561917206, 0.3259820097061494, 0.054914884562432834, -0.027455094479758465, 0.09556707920277448, -0.0040850021598963495, 0.18249671097359693, 0.24603485654403454, -0.01921753364336182, 0.32188484476914414, 0.24067312097057628, 0.06230645280686183, 0.39113523393525323, 0.22384438742574697, 0.1762551449435526, 0.1370601284359681, 0.2965186564783082, 0.07303608823262801, 0.1501608757284388, -0.021423844116456252, 0.1200560624972177, 0.07463080306835966, 0.01512834770317603, 0.2831441219405941, 0.10856098441575261, 0.05368658739611945, 0.2823042098176668, 0.20687970191042854, 0.20897054663100725, 0.337961659379035, -0.014229602977864823, 0.13643576487805859, 0.10218355495648476, 0.054997941928878046, -0.104063085961445, 0.24685288699764177, 0.004567082858157259, -0.006871525318942414, 0.3278577995845507, 0.19410822277309872, 0.12422906707678716, 0.09891915615021249, -0.050585224425279615, -0.07781791587854521, 0.15502256149564375, 0.15586746421889508, 0.3268477711812963, 0.25129622930608275, 0.027961385328445547, -0.04668941181378762, 0.310170824641586, 0.19829232877186992, 0.3365138744043089, -0.08721997031968658, 0.18811883236968335, 0.3823178747141573, -0.015247770746772709, -0.020814080045372704, 0.04008472971180539, 0.1714742167732926, 0.08424884833312514, 0.30127718632066314, 0.1535427105978989, 0.12003279098047741, 0.19550734035267162, 0.05775585630432927, 0.16187650425864078, 0.16609537746922723, 0.2873304780090592, 0.01709964561302189, 0.36559310560001723, 0.2619053499967803, 0.4259253408887627, 0.1957413361167495, 0.23183254479492169, 0.20445034774704857, 0.251305432405752, 0.11999817403218889, 0.1029910583458513, 0.32496416748768875, 0.22795343488965925, -0.1429218052543212, 0.1686319055072357, 0.07277844656525895, 0.1959559498890234, -0.054179592201349665, -0.08290889662814621, 0.2296560554985008, 0.2940015726800678, 0.38874834309953143, 0.1025230807875254, 0.18770723824364188, 0.11487575471521567, 0.21509234909967043, 0.39777981489959835, -0.06856193146074907, 0.14615649417602894, 0.03980171867581388, 0.0818521128737852, 0.14493311918615912, 0.24516804995742547, 0.010190108413330243, 0.04316716981246466, 0.2973247146648173, 0.24898475484418892, -0.0018770344267026913, 0.21344818740186552},{0.33840431030764023, 0.09848776143709664, 0.3345455326602695, 0.2959563780923785, 0.0, 0.2293805017692586, 0.47965899530249145, 0.31117554546031934, 0.03625398150185197, 0.22722957147547942, -0.03308920425596034, 0.1632527341627242, 0.3294300692870998, 0.27003932537495473, 0.25069906934238334, 0.3724820520376352, 0.49543542488274794, 0.1640298178278362, 0.3157723744741205, 0.3031753782057159, 0.36111051417110845, 0.2885303001175331, -0.05075958357249489, 0.2701690919750146, 0.39503500803761443, 0.4401611755629392, 0.22215296493966466, 0.015856419487822494, 0.4092639315692937, 0.37268697184983746, 0.2750485984182712, 0.035044320126054324, 0.5564136403538519, 0.415238304983512, 0.31024660878018673, 0.3503317319974837, 0.19130734845407185, 0.3868544174682885, 0.1608501187559863, 0.314164788560689, 0.479899349327891, 0.31625434633787775, 0.2472974216361444, 0.5340561100014191, 0.2054371268221961, 0.3507393475696752, 0.21146287557884455, 0.1506017257251593, 0.18084067155625264, 0.11440229014493697, 0.2904295290644855, 0.33423299941344653, 0.09019890682819086, 0.370826590836453, 0.32108955515344917, 0.15459622355215458, 0.33470919203782795, 0.4083052698492894, 0.4632247984217158, 0.28890022147163824, 0.3878250518119346, 0.3203530091972756, 0.3159735868961752, 0.10780763621430996, 0.1966257594024381, 0.14509306307145067, 0.3495783047146887, 0.11830542364977248, 0.4252198881723243, 0.3663693692780252, 0.36335995274239297, 0.24072867498547595, 0.342550331069512, 0.3386979776401221, -0.056912487471738486, 0.44088916865570926, 0.09197829473931161, 0.22888371419856485, -0.006208753933234621, 0.4198272791448753, 0.17003744465699228, -0.028839624263025547, 0.26467140803837935, 0.22967092287772325, 0.21224523795881214, 0.06804026971237488, 0.1553767523101165, -0.03278498364853592, 0.18158151964592387, 0.18944479761952834, 0.22754875281128387, 0.3789017568390879, 0.12397497369478575, 0.27966554480404804, 0.26062260964388334, 0.20055805140970578, 0.4855851784029476, 0.140239442512259, 0.2957113663415666, 0.41353274444788757, 0.1877313593063314, 0.2753212337363885, 0.23955696524028353, 0.006906464336060538, 0.32173922971362273, 0.5572309326646837, 0.31089479259559005, 0.2515680757017317, 0.2304799372793242, 0.3083692532165507, 0.28768637412050757, 0.2633651811931202, 0.4339138353905769, 0.20901435643079547, 0.30301673313071414, 0.45106284995167784, 0.4127541040240489, 0.2784541500680523, 0.2914274101053945, 0.21316465815984895, 0.24593700778768998, 0.05108563344576535, 0.2648388392431235, 0.2849481540255448, 0.3618727975734193, 0.21574449499386344, 0.3673734115698606, 0.3754794408379799, 0.49450090186777085, 0.29096140139048515, 0.0727985509729979, 0.3556730314851011, 0.33500652018638966, 0.24785842842327946, 0.320519281973657, 0.2677626202091959, 0.263184253682474, 0.301434645241486, 0.5794145568782965, 0.23639301622264577, 0.14108521395255794, 0.11949552827174831, 0.08366707120457853, 0.3937029094387348, 0.06239748954218403, 0.20454494612699117, 0.2309085295669427, 0.39944678733347505, 0.4733689815984701, 0.3203844123219073, 0.3866462722418801},{0.3325935215891473, 0.0652233750851484, 0.20624831182037226, 0.06423717568430207, 0.2293805017692586, 0.0, 0.1471017131923475, 0.3100668754333659, 0.16808374828347544, 0.24908770105120595, 0.07560615798625968, 0.4862414534438729, 0.1046752949736695, 0.1883754266171676, 0.08316692859715451, 0.25415885172874936, 0.21068638106755977, -0.02000144677057808, 0.1598020435312465, 0.33386371412017435, 0.16304030262452995, 0.004131845995376268, 0.016270847573598535, 0.1496694425355021, 0.23443580103108344, 0.21816132304864055, 0.16698599099945785, -0.03375835801278339, 0.22384449180484492, 0.25429313980860496, 0.14608999218282687, 0.22101625808503633, 0.2279459586288241, 0.2724886376076239, 0.2563345500737743, 0.21086091005580468, 0.23832752726482248, 0.1667481968181176, 0.06613347384298522, 0.21748844683908358, 0.1368617646935895, 0.221448709943339, 0.06395302676258913, 0.2641207714232589, 0.28302999310911386, -0.09023375579548178, 0.2412183083307504, 0.2725386204700518, 0.16038908300662297, 0.21368058021559963, 0.220819675612601, 0.18134557828630793, 0.5523824918413708, 0.16490390818118186, 0.13441398392159637, 0.375792280174784, 0.28630084058252486, 0.37273657048272407, 0.3598878452074348, 0.24990345273421824, 0.005533883420631278, 0.22228082863739845, 0.264888669911317, 0.17454817798249994, 0.267583039635758, 0.08178331244260274, 0.19344197972235766, 0.15442060338142086, 0.12783132518451876, 0.33101287520220585, 0.2981076156410827, 0.2130516446999107, 0.22339461530660046, 0.16114150454830597, 0.26484418702854584, 0.311818991634037, 0.27538594670958827, 0.332827195965747, -0.033373486127592694, 0.22194537874756706, -0.07287958763081633, -0.07094506821929679, 0.25083741634662404, 0.26652966497731373, 0.2344483765884196, -0.06116160836246163, 0.22859638847400296, 0.23401537279526444, 0.22570345625451838, 0.21199240335413688, 0.298538831130537, 0.12455756450618788, 0.20369935906473458, 0.3112018257548095, 0.03301029401365841, 0.024732523222890147, 0.24161054387270076, 0.3110815687990858, 0.07068134688714331, 0.16245641110485382, 0.021526050287009737, 0.2288770394083999, 0.3910186798160378, -0.049813894913144426, 0.2210773287705561, 0.3239643500820473, 0.3175386425166595, 0.15364878967749301, 0.19070254244835338, 0.2519951037444923, 0.0858323399015319, 0.1960317100615792, 0.1727935114050756, 0.0671278438807106, 0.16074561257695727, 0.17338275303647163, 0.17086546198380356, 0.09285346894765314, 0.21395441774982735, 0.0992384648277918, 0.14214422990401898, -0.031027969162621582, 0.11957780262295599, 0.335436522173469, 0.32526081071884294, 0.18789787851884213, 0.21296802695294928, 0.30220601987148205, 0.25189386587908197, 0.419703916591733, 0.19336172934124624, 0.3285995844146013, 0.24911725611165164, 0.12658670841337757, 0.24874957173716494, 0.03484831956948323, 0.09075213815652503, 0.2168328061658918, 0.21855740775121135, 0.3114272669229192, 0.12844815928706033, 0.11232520902620302, 0.15820968721242318, 0.28412923981987476, 0.16062899212770326, 0.28081401906951536, 0.21184629314156855, 0.16584096203246498, 0.22285063881735728, 0.31797716035796236, 0.239151010730764},{0.24314785914896828, 0.09204627359383859, 0.3018781450088608, 0.33130106847877766, 0.47965899530249145, 0.1471017131923475, 0.0, 0.2684144446781154, 0.03421486526139256, 0.2868983972385913, 0.005808505165495673, 0.10496918711140467, 0.23146524877085417, 0.29451204980578194, 0.24933625301251283, 0.3931803296360642, 0.29643290799628785, 0.2561534525252491, 0.2213613796180146, 0.18612789826626155, 0.21825925151939285, 0.30310952802771707, -0.08681105100086711, 0.21017726852998672, 0.30936176222724293, 0.3851455397610366, 0.21846073598613142, -0.01101593251842426, 0.35753008285103544, 0.3961959892002718, 0.2940661497730058, 0.10857893933754237, 0.41647391869353245, 0.3255303576025118, 0.1975562453587138, 0.2998475080256287, 0.09521322846785892, 0.35688915143359384, 0.12441724801063653, 0.3546042764684941, 0.40929965160593706, 0.296160656660987, 0.24905445954271233, 0.44990711046325055, 0.2012589857218059, 0.3393121633922683, 0.14568560168430666, 0.029088253575613583, 0.2652968875284588, 0.09071391436320901, 0.25878771696044384, 0.2728196739763765, 0.04223768836901817, 0.349682621340037, 0.41677594234784554, 0.15757902593137688, 0.24424012589954647, 0.34601644574727347, 0.3693180645297993, 0.37906408602835273, 0.3426953710130333, 0.24427545705661535, 0.255084521659432, 0.07597951872288687, 0.12070009256220905, 0.19684595362775717, 0.18603190360706423, 0.22481479487780825, 0.3097581331219339, 0.17488961271863016, 0.32647015764132914, 0.14447129808220904, 0.36618685646607, 0.34457466430258127, 0.0033991580574727234, 0.3140848965070921, 0.2383457585189099, 0.23457324113948924, 0.029690473169821333, 0.34985044379386887, 0.12186170035717935, 0.041087385285166096, 0.27531013995469994, 0.18450256954435848, 0.17383713445068222, 0.12805607709779163, 0.12321376564997169, -0.03209679370175724, 0.13610299912282317, 0.09085238020611049, 0.20392082177535928, 0.3714341850440858, 0.1595012268842886, 0.12449598603807287, 0.26639146292718724, 0.19726836716179516, 0.382951195004464, 0.03347978815312405, 0.2835960923759841, 0.3778638318551432, 0.1759011302079699, 0.24064229634498693, 0.19861107850059279, 0.14616082989626758, 0.25584840277699866, 0.4422222835220563, 0.23130077667437832, 0.1640021241392263, 0.27748512830203925, 0.21907678339474526, 0.20643096637967911, 0.18096450364097846, 0.35711187916136633, 0.1920565529130926, 0.2688365387544406, 0.470910018782953, 0.40168294543151417, 0.15390002479099196, 0.26473417677739, 0.3601995879002449, 0.28014434057612136, 0.1384254689155142, 0.23387150638730636, 0.30525925300961515, 0.24887102126753707, 0.0433150711198411, 0.344676885398919, 0.3970293859655803, 0.29753303350264, 0.15562134991698834, 0.013922061886669156, 0.2819280232316849, 0.274599423317986, 0.34846746713411053, 0.14202760575627627, 0.30867319873860355, 0.22589132505200468, 0.28068511426733267, 0.4568115405527008, 0.07180380539591225, 0.13895329732428968, 0.12111829122362947, 0.1239843381393824, 0.25638205616351517, 0.14533428528762743, 0.12732915425936056, 0.2311868189045837, 0.35149771769580634, 0.29698230860173097, 0.18492923098738046, 0.3031162792255824},{0.45396896917289087, 0.13211066217248746, 0.26800722635907454, 0.09470540289736207, 0.31117554546031934, 0.3100668754333659, 0.2684144446781154, 0.0, 0.12757643885222192, 0.24761363378100928, 0.041780335101583264, 0.25961982964396896, 0.06027478244643762, 0.3843915286509714, 0.22556526294585194, 0.2699571101330121, 0.3714902432784475, 0.14435454741666126, 0.2658069745943189, 0.3555406665143135, 0.2127640806968565, 0.06441910901458109, 0.1620888042666763, 0.2768423106797071, 0.36056715622007013, 0.3475406067092878, 0.1948535490348965, 0.18482343572023843, 0.417015114421061, 0.35126974725148347, 0.19700817210191718, 0.10269313863675997, 0.3170034706649662, 0.3579233331215459, 0.32483620880331093, 0.3250636387065884, 0.30391418243156965, 0.24890808953339763, 0.15763059211038263, 0.26409675206137617, 0.304741176269461, 0.30638837617088466, 0.17338610148409522, 0.36881682563738044, 0.22263983787251387, 0.057356028039542324, 0.24946391931742226, 0.24354381823558022, 0.28773489477937997, 0.11017515971146466, 0.4497186116054147, 0.4149702276758549, 0.34850574508581733, 0.21356754621075796, 0.23725732001587777, 0.2949451312944511, 0.34304524471719855, 0.2508231143686711, 0.30650556654849154, 0.15228328953458142, 0.1098815004668532, 0.3779064682752027, 0.37793994414920984, 0.23460571806802671, 0.16348264085582678, 0.26835768375593805, 0.256404502291948, 0.25467371735515865, 0.08395239936905366, 0.3300550094165962, 0.39301037674830214, 0.14679354578292972, 0.4112089851244946, 0.3470600485329339, 0.0777688806767674, 0.5272129559025545, 0.13536494413689193, 0.4117524473659408, 0.24297977046129013, 0.34510082953508897, -0.007245518350894316, 0.08308855517817804, 0.20933323321143338, 0.3684601944216592, 0.3324979047008836, -0.0639999383335811, 0.13543446846951496, 0.021171596210207946, 0.3232288027057756, 0.20445701430693664, 0.28316979258119174, 0.19618063144395648, 0.23324340017261247, 0.3715504351701371, 0.17686292853886992, 0.19000720748284117, 0.3612169113884778, 0.192034261348511, 0.40363512568561033, 0.21586778487437625, 0.30416376994403194, 0.37966632493783703, 0.1967725701875583, 0.005362239640635961, 0.5176799164732891, 0.44156458980878177, 0.3299452587507056, 0.3422358795616114, 0.3447090010218678, 0.2130256025004078, 0.1291098136642522, 0.16083547029198209, 0.3334285306123255, 0.3842809177282928, 0.12883788589355868, 0.2181629801573397, 0.2469681627340737, 0.04195187741128059, 0.3021091113786385, 0.22970532402206983, 0.2946108192093708, 0.06231120330755777, 0.27264676862588166, 0.24631397667859686, 0.3782163086233558, 0.12164825321695927, 0.4416019686002672, 0.18840633090957262, 0.4216232999193028, 0.42356688071367055, 0.14479241801931328, 0.3383179390243541, 0.23658608477588958, 0.1983388989945183, 0.35907131633357625, 0.20777515504428173, 0.10621894543755038, 0.15244738827103302, 0.3005606302530037, 0.26920350170489726, 0.30074086386944787, 0.2447437414649477, 0.17397217341159676, 0.28405499601041084, 0.1665433121453796, 0.22845255015629337, 0.3199919119691834, 0.364488630572364, 0.31722397397558705, 0.31045462360923354, 0.28717798073169576},{0.1773059673106739, 0.17864926186163094, 0.10535886158561264, 0.04060326902703874, 0.03625398150185197, 0.16808374828347544, 0.03421486526139256, 0.12757643885222192, 0.0, 0.0803737531830952, 0.3218293546289065, 0.17440510551274765, 0.12704014629366242, 0.10590598388079187, 0.20579959279188406, 0.013835977944437082, 0.09362150856587304, 0.16459240690182506, 0.1959137737133117, 0.1385323422662381, 0.02781150227245106, 0.022054002174335677, 0.22409901341164049, 0.05805779750038403, 0.13064438378324264, -0.06674713912438963, 0.08257976813647223, 0.13520567920090118, 0.1357035051104498, 0.08704189384206286, 0.002142776479509105, 0.09833796138436623, 0.09231200143687009, 0.14498063579647846, -0.01709443873376433, 0.17390492621911194, 0.17196703641567976, 0.060406129127962345, 0.21821449147081845, -0.02012482503090115, 0.05724167530413607, 0.10545378641446315, 0.0547944741169816, 0.04590953857156987, 0.10743145270191842, -0.02448188346496849, 0.032141154466025564, 0.25866724528335944, 0.15744785566671352, 0.31874789099960116, 0.15929899300320746, 0.14705202874682388, 0.1806689035048609, 0.02480196589143703, 0.09123304385393542, 0.03184095047145478, 0.0988922426524882, 0.1809163809299211, 0.15432482652020774, 0.04408456238504903, -0.05108287373381787, 0.15587975708343335, 0.06517560478186743, 0.010490774883988528, -0.04123510398780124, 0.26722213929638094, 0.0985904244695253, 0.049357100941328655, 0.007374655087751225, 0.09711686793226265, -0.02421904580071567, 0.073498406533599, 0.07884687143350773, 0.012348550083500033, 0.07676368933732608, 0.11668370852709588, 0.15169242829726134, 0.10123593742179088, 0.18286293743546725, -0.027014555316605897, -0.06542642121475163, 0.11326288248566731, 0.08087198981950021, 0.18864620249707714, 0.0945477293327312, -0.03768918271189109, 0.31583429244047195, 0.19009627196618423, 0.2557026735018888, 0.2006955912683148, 0.08517893321141806, -0.10230581964637409, 0.15143226477887226, 0.028359770934549236, 0.020331451647072403, 0.014478530743772191, 0.06227111242408746, 0.2707222611092474, 0.21818798050917415, 0.019147924510609322, 0.16978986521766243, 0.17958956958431072, -0.010603695632917721, 0.09654012920061492, 0.11902317063299976, 0.07297891168697594, 0.056569765811352216, 0.12200214030687284, 0.1696902174331918, 0.04091242888770374, 0.027778249373123762, 3.0105128661939476E-4, 0.04536124886160797, 0.24152385917388036, 0.16021744919709321, -0.012024094754930293, -0.07196966588440008, 0.14140603247053707, 0.07642873917425944, 0.05079130136107269, 0.08742628052225533, 0.05314620283762347, 0.13989276209402898, -0.027094889899944626, 0.14872616319250345, 0.008144537930081226, 0.07444923095895632, -0.16083683918515582, 0.13035367262417394, 0.1695957008659283, 0.2944559100159861, 0.00675658790582703, 0.2723280108589828, 0.18323715811924937, 0.26533547281035164, 0.03893332645517849, -0.003585568731468168, -0.08062696727709354, 0.03781477879543413, 0.24648702565661812, 0.11615835660922459, 0.21135273587901446, 0.03556576369268638, 0.23459387735687223, 0.1664879486333744, 0.28418380938869664, 0.24517700247548938, 0.2021469562262831, 0.13561146915876407, 0.12322232255558654, 0.14141818343004173},{0.16928835737071118, -0.003439052400795012, 0.27431438312383394, 0.23289095449096855, 0.22722957147547942, 0.24908770105120595, 0.2868983972385913, 0.24761363378100928, 0.0803737531830952, 0.0, 0.12560210796661167, 0.14498349526541168, 0.06370344149430426, 0.176308654095, 0.34225434287374207, 0.3001308170885144, 0.07117466789374165, 0.14840778663419923, 0.15608030819939983, 0.11751383159081612, 0.3614173125711595, -0.05436642298515943, -0.07128806633173142, -0.02042580351935823, 0.20776547412343277, 0.2783234318087803, 0.2598250497478851, -0.06391852129141277, 0.3411866934282362, 0.15421956136844464, 0.25648396366226156, 0.17963592111499402, 0.1211621064699422, 0.1410422364729801, 0.11584752924410327, 0.20571115847570057, 0.1107000362198277, 0.2063096613773038, 0.05115775622034335, 0.2795049833708834, 0.29369875009988505, 0.2804684482385783, 0.28139339738752733, 0.23629452040208607, 0.2522262639647696, 0.04535720669649673, 0.13333955034557796, 0.17827998662531555, 0.095230257394603, 0.059412457295702825, 0.22301467749257012, 0.2558415273605796, 0.19692300604949955, 0.18123748524969585, 0.3192335051287697, 0.049377876915451965, 0.19422762872810762, 0.2630108043829641, 0.25861829726018304, 0.3401403345435598, 0.15166506523848863, 0.2192194651992697, 0.17983739257576203, 0.2774255316820596, 0.10204410187006217, 0.0944709184508017, -0.02743794154078791, 0.2859953045279714, 0.20896778462464335, 0.06430676714266673, 0.2048603135519813, 0.17015616661272598, 0.3658850899986755, 0.35451067642041617, -0.004552026287102616, 0.20367714597723088, 0.3001520451674909, 0.2862901088543248, 0.0030042915064358226, 0.23786429819935676, 0.15672963169137735, -0.09977229644576577, 0.19631944083200134, 0.3403188982589706, 0.14264627327654456, 0.04328078256741283, 0.11658150378169324, -0.08346579859719204, 0.3313530320659155, 0.2699367564482306, 0.16732362143041626, 0.3652734034908903, -0.0073382588681143055, 0.19822940933524644, 0.02916472522013653, 0.09301224443502015, 0.39990074081518134, 0.19043454833479176, 0.2544625687476281, 0.19060250667317408, 0.06324828888738246, 0.09701978213285695, 0.12889472827575224, 0.10700069267980628, 0.17667401651306236, 0.22883596822921204, 0.14685966222583244, 0.14563038832280314, 0.3499163040339971, -0.02776572074892527, 0.3209112337727203, 0.17311284023719983, 0.2728128516287459, 0.08331591295751826, 0.20031107678369658, 0.181543345393722, 0.21676944623342714, 0.033048341420387914, 0.455554357057616, 0.17858713400747891, 0.5532548991097408, -0.032869220067112515, 0.3757015772899319, 0.265991303957107, 0.18745481708960576, -0.0161610504084849, 0.17036549723680228, 0.20477006754164778, 0.16358710336366267, 0.11908904824807158, 0.10368769394482875, 0.13565094259295954, 0.09553481429398722, 0.1529404688844916, 0.03624254370738628, 0.10321074770685175, 0.06323255356932271, 0.38424059317293696, 0.270964020016261, 0.1189701111355377, 0.12965322576565338, 0.14010546657813092, 0.12254137245314009, 0.17312194820901008, 0.28987890216880025, 0.1642526814071351, 0.1193769126569972, 0.28369331954900906, 0.1486196177091069, 0.18385075135034692, 0.14933735823877178},{0.057584857107493614, -0.03666786898173439, 0.14227029126156612, -0.026308928114101023, -0.03308920425596034, 0.07560615798625968, 0.005808505165495673, 0.041780335101583264, 0.3218293546289065, 0.12560210796661167, 0.0, 0.1158292574474875, -0.07342780784884977, 0.08238650483992337, 0.2005587112739452, -0.014747335426788927, -0.12030148583638593, -0.04443232820835013, -0.04291994896083952, -0.015173263832303547, -0.03844500279570506, -0.0897853227059695, 0.07771397541915184, -0.09278439326287954, -0.09585556532204947, -0.15866120739384723, 0.13808240429239732, 0.04810493446038577, 0.06691030274610787, 0.03298246033797287, 0.006622077006797902, 0.23499401308831727, -0.04696982188673277, 0.07188103352364057, 0.037793736077011676, 0.13984007180417354, 0.09406359881009635, 0.07714425691663045, 0.11435283441506704, -0.0034305374251353154, -0.02381485303700095, 0.14383526194748747, -0.06817890319042622, -0.06168944845778063, -0.0075006791859891266, -0.15917424103900588, -0.14961244824974315, 0.16285385817835185, -0.03263777355106283, 0.4363537305096934, -0.02904897198158455, 0.016119900682563998, 0.1708542893782164, -0.14492935712276486, 0.028370958493463036, -0.0718743552537915, -0.02757437700165404, 0.08401257899195813, 0.10518836875928451, 0.08291541854302964, -0.19652656031981827, -0.029649318038949882, -0.10635991551760034, -0.04567249505154707, -0.10189048753445844, 0.2282097510818264, -0.035736236699922624, -0.003453176611315871, 0.02409486849232937, 0.020364233476592823, -0.0639272895563466, 0.029274195503208773, 0.09669218478679206, 0.011733576094636562, -0.005683321298450081, -0.05549477116349514, 0.2592938370851782, 0.015038720085081952, 0.17042537475902889, -0.013086981979334958, -0.10658507467887768, 0.06507328630129834, 0.06162006594152333, 0.07225772531362874, 0.025349709918602265, -0.1276104593996937, 0.4642473411543603, 0.21562652739599716, 0.1815301767423152, 0.21718498757422375, -0.10514232300375094, -0.13476450467579437, -0.03039181899017643, 0.013791682542949464, -0.15150105318293, -0.14001930098453488, -0.017311021621402668, 0.2702391652441033, 0.12554188711593883, -0.05194439078660197, 0.1794697126875592, 0.008893424904831951, -0.1475343324590464, 0.1053212585905439, -0.0054710843234600974, -0.08190919132235971, -0.022777913058308622, 0.09604143283801445, -0.005035770204094356, -0.05704853635804343, -6.191948786268472E-4, -0.10676305542936353, 0.06816597204323488, 0.23942520556620342, 0.05068996495961408, -0.18275991033500805, -0.12342865666765833, -0.08879912389735782, 0.0755549195196218, -0.04829661105163262, 0.12094514000459382, -0.06781014753590969, 0.15170562625249662, -0.16802669327483014, -0.02458606064873782, 0.08919891616435124, -0.02583336437778258, -0.024697121312995333, -0.023578735956569463, 0.11359330360952942, 0.3749826115186052, -0.134034445204899, 0.083590826564599, 0.006334819077111479, 0.0010099696741001152, -0.058473193083137955, 0.013096888540672164, -0.09947188376921132, -0.07794273292221147, 0.19417679300487944, -0.09500965023813596, 0.17965429601299218, -0.0033682931252332422, 0.17794174574484792, 0.19205642584319826, 0.41120269262888476, 0.17446587498176547, 0.037381701306475584, -0.070137699684282, 0.11760796234269881, -0.05376751525755026},{0.35212528730265946, 0.1569425982208174, 0.19475393004639144, -0.06825442111827461, 0.1632527341627242, 0.4862414534438729, 0.10496918711140467, 0.25961982964396896, 0.17440510551274765, 0.14498349526541168, 0.1158292574474875, 0.0, 1.8383761765098486E-4, 0.26305281734372943, 0.12929899845985143, 0.047138285362258885, 0.12271859028000859, 0.08591811165712687, 0.13874960877823114, 0.3475628207601535, 0.025412874585243498, -0.05029824959495734, 0.08669063670321246, 0.11435182236781123, 0.16531578421135712, 0.12712962994693514, -0.00583444380669178, 0.0408060248060799, 0.15591808212341843, 0.23918181497930785, 0.1309936736903128, 0.3286386540645481, 0.1823702761907354, 0.217574454131634, 0.26217156654818885, 0.26109893794885564, 0.3616883721804647, 0.10606369965253042, 0.1684736230868879, 0.2836707647027312, 0.04311430598241393, 0.31963541680428104, -0.03971085776323505, 0.23866490936714194, 0.2675730762116151, -0.17110078744807505, 0.2960780793641084, 0.19470639015493507, 0.15041452550946166, 0.3067344667243619, 0.1577174458301888, 0.09458304149381276, 0.5102618055798481, 0.15144507751751232, 0.1777665625439256, 0.25992966064808903, 0.11250820085681228, 0.2828950297614055, 0.2961504423129681, 0.25430682637509244, -0.07599112469952701, 0.17860229924485915, 0.22448980793644535, 0.14939582488700215, 0.21398698070112068, 0.16099274905018515, 0.23670297537903748, 0.05282247642411866, 0.04315373518508151, 0.3753803338291756, 0.24298975525367142, 0.017196188424110262, 0.10517793623140012, 0.11822101976634018, 0.2677044948476778, 0.2761630716099029, 0.251203302708136, 0.3580926443663999, 0.08122715179052696, 0.11607191697310043, -0.15258927290973906, 0.10704236452296796, 0.17243633957888077, 0.19014421231783413, 0.2385995337332158, -0.04494863845042796, 0.2857925092020548, 0.32070249839413156, 0.15476836658340296, 0.08973816692918649, 0.18797849379463868, 0.05086446099029074, 0.21659004771000176, 0.3150834099282804, -0.024002243806943116, -0.0640098230296812, 0.07246775824114123, 0.28523082409128775, 0.12711935349125322, 0.0164360914924367, 0.08184542948842964, 0.2285139325814343, 0.4046854474661282, -0.06698683106038195, 0.19679568705732192, 0.21456075730610094, 0.32077492410045827, 0.24801483812835673, 0.14492688535011417, 0.21456505528645162, -0.004288449634580697, 0.044941549302197084, 0.04431976956190136, 0.1779229236717399, 0.13089759754162697, 0.1425372682655539, 0.0661137014834899, 0.048283988770784096, 0.03173845477244738, 0.12640183441941957, 0.01752734921380199, 0.04293944478746638, 0.14336217307818205, 0.1891942105124564, 0.22752728080323034, 0.2477137067726186, 0.17666804794240193, 0.158453430653208, 0.18043691500665093, 0.3666359110548192, 0.2601149405108252, 0.20203224100207892, 0.14777789237433916, 0.0029818307190358937, 0.1581389811572047, 0.048356962772953815, 0.13673386999805692, 0.06300554360379762, 0.11747377849442324, 0.36503632159444593, 0.07515751610763152, 0.23961153773006977, 0.11200219840259529, 0.25488766986308264, 0.08180260624137592, 0.30962200245314564, 0.3355025675542249, 0.11702390672676527, 0.10945096664474986, 0.3172328661873685, 0.10275937580229373},{0.12288807308835524, 0.20986744077758598, 0.13065911474713726, 0.20586195297910226, 0.3294300692870998, 0.1046752949736695, 0.23146524877085417, 0.06027478244643762, 0.12704014629366242, 0.06370344149430426, -0.07342780784884977, 1.8383761765098486E-4, 0.0, 0.14240464180427248, 0.1460064546127457, 0.31478835041632947, 0.30182392022897747, 0.12237154465595423, 0.32209830444998133, 0.18937177576020736, 0.13234324832482425, 0.26025935502508935, 0.034165911211679494, 0.10439405655259273, 0.37587485652403835, 0.21373415570089607, 0.07854370868246885, 0.05870172433102993, 0.2326418455303997, 0.2754708504976253, 0.02596571405720851, -0.05875002437828007, 0.37343456510639067, 0.20146532886941515, 0.007128378035712014, 0.230543707952665, 0.12551977852065194, 0.2924689787143509, -0.008966941975860088, 0.2003687376146278, 0.3090462299704705, 0.1266408819335824, 0.2212445445147748, 0.3413356220597631, 0.12078136271995056, 0.326944037433482, 0.11980910174082765, 0.1645941520672275, 0.17811675421471787, -0.024037910657249483, 0.2568388860926474, 0.20351253192358973, 0.029483708408475934, 0.39631690681990495, 0.1922964171146811, 0.1602507401754868, 0.260934584958784, 0.2809789436164064, 0.2975177871927972, 0.16086609504694668, 0.2278675376711774, 0.21567191228942062, 0.18035006528908124, 0.07217919089777311, 0.12199251619360083, 0.025655458538128097, 0.1421943497230503, 0.024900462192387545, 0.23637554518927956, 0.25707423728854634, 0.1525248963198348, 0.14239967765787764, 0.19078870937754658, 0.16815694708095655, -0.04252503885315833, 0.18842801105366522, -0.018033534413219192, 0.06308740695846261, 0.042891659561826626, 0.23718672743618505, 0.1029637239049558, -0.04667594852596462, 0.09129863844071706, 0.17869189380977593, 0.20760260308304665, 0.31625193544273195, 0.06792684491536938, -0.10314157694523546, 0.059198980804163, 0.09710857607416337, 0.2625025995134548, 0.2154171060663215, 0.13085199004611908, 0.020815871705287176, 0.38050802594577526, 0.18022181792987965, 0.2697843288972118, 0.18390090643360568, 0.077733068440945, 0.3469642371796108, 0.013188597096821186, 0.18878426719598612, 0.2063113182256023, 0.02674081238525936, 0.0953115023135917, 0.2891129390436122, 0.18896927323397575, 0.09559058937663235, 0.23476975535332603, 0.17363853012202465, 0.19053708395170654, 0.24773268081222444, 0.13364645719712834, 0.05318721598624184, 0.13751144293170078, 0.30398009991139235, 0.2617600822845548