{0.0, 0.20449228871375444, 0.2803236490477949, 0.35266797567585806, 0.2975908442492934, 0.3296613860923521, 0.37341198849505036, 0.10348740912502429, 0.14150321666038906, 0.09141953149047134, 0.28538498965825515, 0.09846007990734938, 0.15289447238322287, 0.22446732365573813, 0.32772177754328913, 0.18189940716302516, 0.2495606989478636, 0.25647399360393713, 0.28262712873375856, 0.36636459728383014, 0.48171582504633015, 0.06535878731812964, 0.28993900626853414, 0.46548372513007313, 0.5139499240254193, 0.03108694345719565, 0.15335064814373636, 0.29315280589122866, 0.2652916673493925, 0.257866612962099, 0.08470533920760227, 0.2534826643459472, 0.24339461522203756, 0.1784219276126957, 0.22055396177975464, 0.1947317655623116, 0.3945652893586396, 0.4338806235883863, 0.2950301524958036, 0.0660316668613285, 0.23374682860362506, 0.19667197517609392, 0.16112298771707814, 0.37711007337343777, 0.17096320612457702, 0.30972547629478697, 0.31128179676484646, 0.2648489750553923, 0.33481885701427694, 0.2114607062073763, 0.1590552914491035},{0.20449228871375444, 0.0, 0.032992465038058964, 0.19739507586014757, 0.0996981154315453, 0.09524849989962457, 0.305690842760459, 0.16010834143819366, 0.20941088891364687, -9.869281045751634, 0.2442344017465329, 0.10038124425693631, 0.24053065337744733, 0.35131339649034043, 0.16609557972725245, 0.09154482206703081, 0.20877453363926837, 0.14845505803360165, 0.1809066345590358, 0.10720092137581515, 0.16059581458171385, 0.157279243512627, 0.07014317497654748, 0.2316926329931118, 0.13999548696807865, 0.01537072247061076, -9.869281045751634, 0.2009619675901025, 0.07919942637754625, 0.04119895710034615, 0.048545527639817225, 0.1965734020947818, 0.1448563982254215, 0.030571439005523164, 0.012152547935412305, -9.869281045751634, 0.32815498167301815, 0.39060760206351824, -0.00246661400479009, 0.1432484815353344, 0.052758873894301915, 0.21130135133402386, 0.06564303630978521, 0.033411530545052893, 0.15593301653252298, 0.28117204483147484, 0.12009074384353229, 0.24674944014521658, 0.11676644066855334, 0.06222405909835361, -9.869281045751634},{0.2803236490477949, 0.032992465038058964, 0.0, 0.34011701070595757, 0.3412713912603219, 0.41679583813013427, 0.11708147275777836, 0.12592192429531662, -9.869281045751634, 0.17235458156778857, 0.20853883691796743, 0.16011251419262826, 0.060180995870876275, -9.869281045751634, 0.3732980687876875, 0.19112639919484548, 0.17330650565178607, 0.14876903472820918, 0.275761721078281, 0.39806364074454, 0.1693303543591275, 0.03886997459758946, 0.2515352356442483, 0.33900938838881706, 0.22092523487324622, 0.16555869579143628, 0.3746894733449727, 0.14738211345759492, 0.2810992909090649, 0.35939177097572944, 0.2736206184692304, 0.25701130723118687, 0.3476617980902114, 0.37976689347928416, 0.26575193705150846, 0.35049801924486157, 0.27403979494212966, 0.1903986881299926, 0.4172147699889428, 0.16217863849276182, 0.2961067950642203, 0.19085459031769605, 0.2867333877489751, 0.44267208179439205, 0.18190585001245035, 0.2953141610188472, 0.3575201820035555, 0.21158093919648935, 0.4309052773414228, 0.22221931276510368, 0.2836904983153458},{0.35266797567585806, 0.19739507586014757, 0.34011701070595757, 0.0, 0.3800263162201211, 0.3124286166562805, 0.20413089922387764, 0.12263996113598583, 0.13900712898254375, 0.14588648760600237, 0.33822343180715464, 0.14102186482470605, 0.1236433291668603, 0.10397476606228791, 0.3572082130565784, 0.25988052620056656, 0.25533322293428995, 0.15850527912431123, 0.22209280347506324, 0.2598002460561723, 0.2898669634737671, 0.18483860981330452, 0.26619443239553847, 0.33029176261849913, 0.33927113166030487, 0.11490379947056371, 0.16378898644146483, 0.08081266661367706, 0.20077891449702512, 0.3762983541776919, 0.31257554663701254, 0.44860578926168615, 0.17641976588872074, 0.26537362698088074, 0.15274111156380082, 0.21657145016583235, 0.33234813445169514, 0.3309613925873235, 0.2436170036178121, 0.03770266564290952, 0.4194878716229935, 0.12039446468793784, 0.048176427959373526, 0.2994727211914784, 0.23026777954809743, 0.31477778580194193, 0.3805185425350277, 0.3889473725842742, 0.3737420872858956, 0.2379172010117745, 0.26143629463901435},{0.2975908442492934, 0.0996981154315453, 0.3412713912603219, 0.3800263162201211, 0.0, 0.33681963857757685, 0.23417438586771583, 0.18095701687726576, 0.16771030782385477, 0.20075167817035225, 0.4782942672269895, 0.10458096665062791, -9.869281045751634, 0.27053199372934095, 0.4141282177174453, 0.1324758437548168, 0.16479576112177224, 0.08717692370522621, 0.22812642263269473, 0.29870129941838075, 0.28813690887301724, 0.09478166638573103, 0.2738545113460529, 0.2974594673794428, 0.30327172241224803, 0.2489302201926368, 0.3572073985612852, 0.22931322621639608, 0.32056590203929464, 0.46995507931839287, 0.2637285424592225, 0.3775481179595191, 0.2724841713100182, 0.3795414875407669, 0.293283156595205, 0.2600596802382216, 0.28622100033377273, 0.3040693417823865, 0.227849502395037, 0.15168163159202522, 0.36048725461625586, 0.12326776368653652, 0.1610813169516787, 0.32285551029764453, 0.25897311188022615, 0.36883819117374567, 0.3116547151195006, 0.3651061685840146, 0.3862533868767954, 0.11490498184599673, 0.3762418086267782},{0.3296613860923521, 0.09524849989962457, 0.41679583813013427, 0.3124286166562805, 0.33681963857757685, 0.0, 0.2323845329895723, 0.2376762796388205, 0.02754056127266844, 0.14287731725601402, 0.17943602054446553, 0.05391798891706906, 0.04159712366628492, 0.09612906890732603, 0.4121184660835527, 0.21291605366193003, 0.21550722718254342, 0.16499862238167598, 0.2467823704892378, 0.379649242736361, 0.2539600696222919, -9.869281045751634, 0.27321788352479065, 0.3795292637585808, 0.2495699131444992, 0.3132968858718843, 0.26490483925403635, 0.17824083155152265, 0.35533485934571535, 0.3668878236433122, 0.2613924321886573, 0.27462362021535264, 0.3531349388103673, 0.2887935956148697, 0.24373629450159204, 0.3337187906187677, 0.33139768333024777, 0.2860395450547875, 0.4185832033504202, 0.08729027277889048, 0.3711967241572422, 0.0788858339662114, 0.36524894813722236, 0.47799828531188066, 0.14428686497139873, 0.2871474054431261, 0.3504536951804668, 0.22081769648427713, 0.34568909764092204, 0.3161143639662072, 0.23430887826383456},{0.37341198849505036, 0.305690842760459, 0.11708147275777836, 0.20413089922387764, 0.23417438586771583, 0.2323845329895723, 0.0, 0.22512231704085023, 0.1071182777509971, 0.01536059260254821, 0.24067251632962314, -9.869281045751634, 0.15480315138527467, 0.299444865085957, 0.3057072849571008, 0.06845806418599985, 0.2119713934232537, 0.2575787615357044, 0.22476800220514814, 0.29659110968617297, 0.3384773945335304, 0.0775947794950368, 0.1690815312457503, 0.3688846048029706, 0.34720765336980713, 0.16252014603786571, 0.05702519040454963, 0.4037438586899002, 0.31256323825373733, 0.162280332881661, 0.026606213204067954, 0.1880228946791366, 0.28886274204446105, 0.07739757809641147, 0.2469096816451273, 0.03187611420195241, 0.3634323799120699, 0.36233109026634513, 0.20089138677456286, 0.051978922011806795, 0.07487899372915592, 0.1984252342064142, 0.11154253907168502, 0.17857361992811982, 0.19317600660923515, 0.22553341183008382, 0.2084236355068404, 0.13628009464684923, 0.19675516136814392, 0.10273670341555038, 0.13038568247806337},{0.10348740912502429, 0.16010834143819366, 0.12592192429531662, 0.12263996113598583, 0.18095701687726576, 0.2376762796388205, 0.22512231704085023, 0.0, -9.869281045751634, -9.869281045751634, 0.2359641713398395, 0.20121693143662248, 0.09859831999659192, 0.13081598120721213, 0.22033387790109094, 0.1660102046930324, 0.1802952725029188, 0.16516518454336204, 0.19553872514451526, 0.12570325249461087, 0.06085299672181111, 0.18889659512377643, 0.25638577610460717, 0.22784218842686482, 0.0479248582935681, 0.326074775903385, 0.13136579726465616, 0.22366239405313584, 0.12926472242359294, 0.196916721737188, 0.17668307722537122, 0.21578575739096126, 0.1690496906271487, 0.21096975735322193, 0.20362754614225714, -9.869281045751634, 0.1825202565216283, 0.15548848978916632, 0.06592844304281976, 0.21083678907348766, 0.1089777396546198, 0.14590018681910927, 0.09152680633105856, 0.03633892918361667, 0.23548045023299558, 0.20791616610054292, 0.1661089338252354, 0.047571030849388324, 0.14038863493391038, 0.07350696560926792, 0.18935200896478327},{0.14150321666038906, 0.20941088891364687, -9.869281045751634, 0.13900712898254375, 0.16771030782385477, 0.02754056127266844, 0.1071182777509971, -9.869281045751634, 0.0, -9.869281045751634, 0.2205958426944804, 0.1763369620917366, 0.2714343386603019, 0.23758848102218127, 0.08615385945111528, 0.0936243351500852, 0.22072336015735602, -9.869281045751634, 0.06391724159735705, -9.869281045751634, 0.24043879601323223, 0.1963497278523171, -9.869281045751634, 0.10639573853329874, 0.24771823178419985, -9.869281045751634, -9.869281045751634, -9.869281045751634, 0.247565835317987, -9.869281045751634, -9.869281045751634, -9.869281045751634, 0.16962770207206437, -9.869281045751634, -9.869281045751634, -9.869281045751634, 0.17847624007304286, 0.2585521544700361, -9.869281045751634, 0.11167286719928432, -9.869281045751634, 0.15127575725948783, -9.869281045751634, -9.869281045751634, -9.869281045751634, 0.21837677894144963, -9.869281045751634, 0.18858887605663663, 0.07028479950751444, -9.869281045751634, -9.869281045751634},{0.09141953149047134, -9.869281045751634, 0.17235458156778857, 0.14588648760600237, 0.20075167817035225, 0.14287731725601402, 0.01536059260254821, -9.869281045751634, -9.869281045751634, 0.0, 0.13134239013106835, -9.869281045751634, -9.869281045751634, -9.869281045751634, 0.15647782084045986, 0.0760578635569994, 0.01361452442106226, -9.869281045751634, 0.15339908706399716, 0.07900138524569542, 0.18238145014277282, 0.09067683541688693, -9.869281045751634, 0.031133405421380614, 0.16181783682957387, 0.05134036557024423, 0.13784085715245123, -9.869281045751634, 0.12034180469770382, 0.15482546594418684, 0.14837337692595856, 0.11347048519708917, 0.0028506133705161084, 0.13803808294348022, 0.12039808801731255, 0.21499773732686395, 0.0356283592323517, -9.869281045751634, 0.22592657876871897, -9.869281045751634, 0.22848193260098648, 0.14197145619151086, 0.20297581589725747, 0.20553878393658429, -9.869281045751634, 0.12592701109910717, 0.1572125314474564, 0.1607970096574777, 0.15139376384043682, 0.09089817059860417, 0.10050305825351798},{0.28538498965825515, 0.2442344017465329, 0.20853883691796743, 0.33822343180715464, 0.4782942672269895, 0.17943602054446553, 0.24067251632962314, 0.2359641713398395, 0.2205958426944804, 0.13134239013106835, 0.0, 0.19043706416254744, 0.10372182465573843, 0.30682862661189464, 0.3452912773614554, 0.1058851920709924, 0.19282304404054607, 0.14152925764999125, 0.2907235771998387, 0.25632102665268836, 0.2930939428697488, 0.23407916510577748, 0.18690844419227873, 0.291607722035426, 0.29413566129827373, 0.13066159044253337, 0.1826351556635231, 0.24336139080234076, 0.20377813623652635, 0.33359129479035865, 0.2272515322584426, 0.3496150885178505, 0.19294875001484363, 0.21420773532225226, 0.2346977277182512, 0.14294901947229108, 0.3254899371511732, 0.3243979026143823, 0.10362351884442991, 0.058127867280835584, 0.2382919867699913, 0.29228124167623165, 0.06653109693341205, 0.12009884836529905, 0.17068479515947704, 0.43423604761512624, 0.2653912488454706, 0.4063140744061752, 0.28737060097646955, 0.07735604824166323, 0.23653845832669035},{0.09846007990734938, 0.10038124425693631, 0.16011251419262826, 0.14102186482470605, 0.10458096665062791, 0.05391798891706906, -9.869281045751634, 0.20121693143662248, 0.1763369620917366, -9.869281045751634, 0.19043706416254744, 0.0, 0.25484340732716015, 0.030046077756109537, 0.03836845644010579, 0.23367700719985512, 0.1480111317810147, 0.036921106814559145, 0.19210559969158442, 0.04256565444090927, 0.07781488901912594, 0.43038050833134833, 0.20261376099140557, 0.16040711921382422, 0.08227033588515499, -9.869281045751634, 0.17493672955170403, 0.1479873473682851, -9.869281045751634, -9.869281045751634, 0.13859710673628392, 0.17390172288797898, 0.09667210687044314, 0.12926515396990715, -9.869281045751634, -9.869281045751634, 0.17317778050580304, 0.19626760590644005, 0.054554327344491074, 0.3722952961529278, 0.09912134980319841, 0.2795619112285367, 0.012995569555564792, 0.1138605912059828, 0.12319452705056987, 0.22720499196017319, 0.1526415928058974, 0.06645443752420316, 0.15471857052130725, 0.11317154357889636, 0.0899764517698557},{0.15289447238322287, 0.24053065337744733, 0.060180995870876275, 0.1236433291668603, -9.869281045751634, 0.04159712366628492, 0.15480315138527467, 0.09859831999659192, 0.2714343386603019, -9.869281045751634, 0.10372182465573843, 0.25484340732716015, 0.0, -9.869281045751634, 0.13861863626856671, 0.1678471425891348, 0.11195119909972359, 0.2945762040945565, 0.1748027195947473, -9.869281045751634, 0.17004133719139403, 0.2714239709389661, -9.869281045751634, 0.21223388800101162, 0.12330230682682541, -9.869281045751634, -9.869281045751634, 0.15789062659289177, 0.08198170531143226, -9.869281045751634, -9.869281045751634, 0.017490227939062773, 0.21033420033776765, -9.869281045751634, -9.869281045751634, -9.869281045751634, 0.18519768976222764, 0.19723646254444235, -9.869281045751634, 0.20352948678028712, -9.869281045751634, 0.30602776767809514, -9.869281045751634, 0.053107813522175154, -9.869281045751634, 0.2981197627994456, 0.06732803082361054, 0.07192902233793902, 0.09473816138728297, 0.1320536543558772, -9.869281045751634},{0.22446732365573813, 0.35131339649034043, -9.869281045751634, 0.10397476606228791, 0.27053199372934095, 0.09612906890732603, 0.299444865085957, 0.13081598120721213, 0.23758848102218127, -9.869281045751634, 0.30682862661189464, 0.030046077756109537, -9.869281045751634, 0.0, 0.151534869508454, 0.017409365994760322, 0.10902381503604901, 0.0455013207935275, -9.869281045751634, 0.09833592405695019, 0.1628135841656028, 0.08682773297761878, 0.16300043653219212, 0.16548290297695845, 0.2017529381690685, 0.13417246138252065, 0.053542077408833426, 0.15877012473720142, 0.17384556656479386, 0.14092794210407258, -9.869281045751634, 0.15339318445707514, 0.06678215743989534, 0.11743246924347193, 0.12900118303389826, -9.869281045751634, 0.20481006915412608, 0.31161462103080984, -9.869281045751634, 0.12836785160232791, -9.869281045751634, 0.042190614256400645, -9.869281045751634, 0.061527334494384314, 0.19225782183058374, 0.14001258742343758, -9.869281045751634, 0.09744426383498475, 0.12614647539500667, -9.869281045751634, 0.18254360625287058},{0.32772177754328913, 0.16609557972725245, 0.3732980687876875, 0.3572082130565784, 0.4141282177174453, 0.4121184660835527, 0.3057072849571008, 0.22033387790109094, 0.08615385945111528, 0.15647782084045986, 0.3452912773614554, 0.03836845644010579, 0.13861863626856671, 0.151534869508454, 0.0, 0.08223966484787965, 0.16745334043430868, 0.2264687407648257, 0.3170893269894572, 0.39073290226279117, 0.2846560328264212, 0.033519106858614124, 0.21812080553677132, 0.42059298168188963, 0.2705621714898933, 0.27273309502407267, 0.24727502796541115, 0.2853449394974035, 0.28940436470744646, 0.4416333908650948, 0.2315711503067349, 0.2752783726784743, 0.35050852995164605, 0.2499817154395611, 0.3336872457271795, 0.2648517110168154, 0.33847713273387287, 0.26365189080599033, 0.3451640778759334, 0.06500150023557733, 0.3535927061954561, 0.2397868308448281, 0.3166192747848482, 0.4095183867939165, 0.17577145578303, 0.42711206596871576, 0.3779823686029504, 0.24623419858565793, 0.39050874289285015, 0.20101513143473415, 0.28590465979612956},{0.18189940716302516, 0.09154482206703081, 0.19112639919484548, 0.25988052620056656, 0.1324758437548168, 0.21291605366193003, 0.06845806418599985, 0.1660102046930324, 0.0936243351500852, 0.0760578635569994, 0.1058851920709924, 0.23367700719985512, 0.1678471425891348, 0.017409365994760322, 0.08223966484787965, 0.0, 0.07334232257060937, 0.06253758606322359, -9.869281045751634, 0.17456241518135215, 0.06021625700126343, 0.24079318200628147, 0.17200160476520274, 0.15024729289616828, 0.07158256125944071, 0.11790279058050576, 0.02418027773856941, -9.869281045751634, 0.08646558801965917, 0.10163324262288786, 0.21265388707066887, 0.20600797611091787, 0.048054747009512275, 0.22230001149516357, 0.024605736164507102, 0.05993160148049033, 0.17515269049180685, 0.1645404097915813, 0.1328229900501799, 0.2088178093793853, 0.19695599453069298, -9.869281045751634, -9.869281045751634, 0.17122255861996885, 0.10503124695839393, 0.16293208752373606, 0.2554842808399555, 0.17799551682847436, 0.07082539323431332, 0.254976596921676, -9.869281045751634},{0.2495606989478636, 0.20877453363926837, 0.17330650565178607, 0.25533322293428995, 0.16479576112177224, 0.21550722718254342, 0.2119713934232537, 0.1802952725029188, 0.22072336015735602, 0.01361452442106226, 0.19282304404054607, 0.1480111317810147, 0.11195119909972359, 0.10902381503604901, 0.16745334043430868, 0.07334232257060937, 0.0, 0.14850216101000405, 0.21503914384700776, 0.1834014545145238, 0.23524125767629264, 0.144492592577887, 0.29433212380392126, 0.325366678475241, 0.34442709457383336, 0.07109233746352533, 0.12336784612820977, 0.2554009502306022, 0.18364257407906467, 0.08607186811328972, 0.106697938616547, 0.24679671423325394, 0.1842812690000818, 0.09369982504290669, 0.013140921791341353, -9.869281045751634, 0.37529876325587963, 0.40659659601177595, 0.11466353181271317, 0.06370290056089256, 0.13827680171683013, 0.210767525900908, 0.030536078177765224, 0.1793568528771707, 0.1989410923614346, 0.21560567636640368, 0.19410645897450696, 0.22474571720168565, 0.15482253695983075, 0.08566038115155652, 0.12416802609137634},{0.25647399360393713, 0.14845505803360165, 0.14876903472820918, 0.15850527912431123, 0.08717692370522621, 0.16499862238167598, 0.2575787615357044, 0.16516518454336204, -9.869281045751634, -9.869281045751634, 0.14152925764999125, 0.036921106814559145, 0.2945762040945565, 0.0455013207935275, 0.2264687407648257, 0.06253758606322359, 0.14850216101000405, 0.0, 0.19026414956663468, 0.16227868464140163, 0.2106371434902453, 0.014870221533319065, 0.08559799717012481, 0.35154642528593805, 0.1746902115055128, -9.869281045751634, -9.869281045751634, 0.37261385965818455, 0.10763920020659627, 0.15808624963739543, 0.05626235933080881, 0.17465572412242059, 0.2418802483185196, 0.024371131328913727, 0.13166466733028961, 0.007732611668469248, 0.18981625705252847, 0.189510337456465, 0.10156205891839466, -9.869281045751634, 0.1991611006110295, 0.1163830825497553, 0.015707371493751468, 0.1306843442134619, 0.0689571539960795, 0.2841666803961991, 0.22950293249071552, 0.09170846852685079, 0.1786703512948237, 0.14024710608498772, 0.04629941065993832},{0.28262712873375856, 0.1809066345590358, 0.275761721078281, 0.22209280347506324, 0.22812642263269473, 0.2467823704892378, 0.22476800220514814, 0.19553872514451526, 0.06391724159735705, 0.15339908706399716, 0.2907235771998387, 0.19210559969158442, 0.1748027195947473, -9.869281045751634, 0.3170893269894572, -9.869281045751634, 0.21503914384700776, 0.19026414956663468, 0.0, 0.23555067615905792, 0.338558569001098, 0.15258490784446282, 0.1401206197477567, 0.36224872024163135, 0.3604385808028549, 0.00756467699986584, 0.24285215881914862, 0.34757434065555337, 0.1511718609567522, 0.14345592788448153, 0.19208117010730597, 0.26076359342543065, 0.27078389939062775, 0.12934377207369832, 0.15178880027609654, 0.17217496189629347, 0.399021648597025, 0.34631709857196213, 0.3727436226217445, 0.14379536777071547, 0.21898807529630365, 0.41066921020773955, 0.28762091925219185, 0.3271828142612655, 0.07031530998247669, 0.38863385773588327, 0.3695945394325183, 0.24918203307089656, 0.3271338540823635, 0.20126223217629186, 0.06529925003571299},{0.36636459728383014, 0.10720092137581515, 0.39806364074454, 0.2598002460561723, 0.29870129941838075, 0.379649242736361, 0.29659110968617297, 0.12570325249461087, -9.869281045751634, 0.07900138524569542, 0.25632102665268836, 0.04256565444090927, -9.869281045751634, 0.09833592405695019, 0.39073290226279117, 0.17456241518135215, 0.1834014545145238, 0.16227868464140163, 0.23555067615905792, 0.0, 0.24224961340372497, -9.869281045751634, 0.3698112444923154, 0.4593300355050367, 0.3110283120446975, 0.29308775787437225, 0.2112098553136898, 0.24076396699975414, 0.195150780152888, 0.43452275942771934, 0.2658690230411283, 0.31621496863169174, 0.3880533940203621, 0.18290180742575413, 0.35043308994504707, 0.2653559860285627, 0.361942609870424, 0.31272036384078816, 0.3757589071193778, -9.869281045751634, 0.38434882102034434, 0.14480651966065125, 0.39291789776150887, 0.4286635921578519, 0.10080928162008736, 0.2640742942522016, 0.33511227397922283, 0.2828963999189035, 0.292953261632171, 0.21803020939947634, 0.16697229332253405},{0.48171582504633015, 0.16059581458171385, 0.1693303543591275, 0.2898669634737671, 0.28813690887301724, 0.2539600696222919, 0.3384773945335304, 0.06085299672181111, 0.24043879601323223, 0.18238145014277282, 0.2930939428697488, 0.07781488901912594, 0.17004133719139403, 0.1628135841656028, 0.2846560328264212, 0.06021625700126343, 0.23524125767629264, 0.2106371434902453, 0.338558569001098, 0.24224961340372497, 0.0, 0.13179798012823762, 0.21816286822579067, 0.4150264131983933, 0.565540759291826, -9.869281045751634, 0.1700320263932076, 0.32190243080672915, 0.2737433450396956, 0.18491725425383546, 0.029352443502827282, 0.22571472397617193, 0.19981781661533776, 0.0844340359059876, 0.2108585519339244, 0.12171155941481536, 0.3750121590887331, 0.39464665171380636, 0.24713857748888485, 0.033491586330320816, 0.19912474924294457, 0.25456573496411633, 0.08730930784414614, 0.3040355599717018, 0.07362600323727875, 0.30598623518177287, 0.2222582482598326, 0.22662015929378795, 0.29560703613932215, 0.13694781464595754, 0.16374619025846301},{0.06535878731812964, 0.157279243512627, 0.03886997459758946, 0.18483860981330452, 0.09478166638573103, -9.869281045751634, 0.0775947794950368, 0.18889659512377643, 0.1963497278523171, 0.09067683541688693, 0.23407916510577748, 0.43038050833134833, 0.2714239709389661, 0.08682773297761878, 0.033519106858614124, 0.24079318200628147, 0.144492592577887, 0.014870221533319065, 0.15258490784446282, -9.869281045751634, 0.13179798012823762, 0.0, 0.12271255887363544, 0.11629666247343617, 0.08483969220073079, -9.869281045751634, 0.08909787014721199, 0.11318652673759631, 0.014658253495360506, -9.869281045751634, 0.11571417059443403, 0.19839011269657816, 0.024249237080655017, 0.09327632065441518, 0.009193289238883278, -9.869281045751634, 0.16895198589512375, 0.17837657883410094, -9.869281045751634, 0.35260840062575316, 0.08790732379734341, 0.2936762750205463, -9.869281045751634, -9.869281045751634, 0.157698580796752, 0.24340773001476976, 0.11468146712883175, 0.09274808037327116, 0.1410906553289563, 0.058090419274409284, 0.10615892029745176},{0.28993900626853414, 0.07014317497654748, 0.2515352356442483, 0.26619443239553847, 0.2738545113460529, 0.27321788352479065, 0.1690815312457503, 0.25638577610460717, -9.869281045751634, -9.869281045751634, 0.18690844419227873, 0.20261376099140557, -9.869281045751634, 0.16300043653219212, 0.21812080553677132, 0.17200160476520274, 0.29433212380392126, 0.08559799717012481, 0.1401206197477567, 0.3698112444923154, 0.21816286822579067, 0.12271255887363544, 0.0, 0.3849413871102324, 0.30381222709980354, 0.3106908669008207, 0.25939765732334125, 0.21433662303333462, 0.06419658987474987, 0.34338193334409445, 0.18717338340346149, 0.3458764505489695, 0.12986854768632353, 0.25249661391679745, 0.33367536458555574, 0.03111078605238586, 0.26938514585772066, 0.3271953852342489, 0.17103894677770026, 0.13039624385454834, 0.28893972828842046, 0.07353115448997107, 0.17023613139233446, 0.25595499935094257, 0.24980902017289924, 0.16307479907939715, 0.21094778279853998, 0.08492020844411093, 0.2887010723287418, 0.036942193875268974, 0.3612321425948014},{0.46548372513007313, 0.2316926329931118, 0.33900938838881706, 0.33029176261849913, 0.2974594673794428, 0.3795292637585808, 0.3688846048029706, 0.22784218842686482, 0.10639573853329874, 0.031133405421380614, 0.291607722035426, 0.16040711921382422, 0.21223388800101162, 0.16548290297695845, 0.42059298168188963, 0.15024729289616828, 0.325366678475241, 0.35154642528593805, 0.36224872024163135, 0.4593300355050367, 0.4150264131983933, 0.11629666247343617, 0.3849413871102324, 0.0, 0.4821254909092147, 0.1556027703957191, 0.21376073159323616, 0.37954756734000616, 0.2544434815370364, 0.34516521617194396, 0.1453354742088011, 0.3676937050799136, 0.38661256572235764, 0.1820087295186363, 0.31535081878704635, 0.1019783876197423, 0.47088856319525174, 0.4621454818316809, 0.3133446078052862, 0.08134464995217328, 0.2989506551358382, 0.3011109387811421, 0.23041631083953082, 0.3585284230213063, 0.21308198227504851, 0.3948871394548096, 0.3262017029417035, 0.23915565639381822, 0.36814230269908926, 0.14408969183146053, 0.267635579001306},{0.5139499240254193, 0.13999548696807865, 0.22092523487324622, 0.33927113166030487, 0.30327172241224803, 0.2495699131444992, 0.34720765336980713, 0.0479248582935681, 0.24771823178419985, 0.16181783682957387, 0.29413566129827373, 0.08227033588515499, 0.12330230682682541, 0.2017529381690685, 0.2705621714898933, 0.07158256125944071, 0.34442709457383336, 0.1746902115055128, 0.3604385808028549, 0.3110283120446975, 0.565540759291826, 0.08483969220073079, 0.30381222709980354, 0.4821254909092147, 0.0, -9.869281045751634, 0.1716220183603123, 0.27576001723338894, 0.2720764880788942, 0.2014509470647844, 0.02154101073548999, 0.2545146769525483, 0.2200811313719234, 0.12775297546280984, 0.18357374862571707, 0.14333612650548685, 0.4403145576176755, 0.5040288188120717, 0.29931124772816114, -9.869281045751634, 0.2159412969336826, 0.2450616933401443, 0.12881228965071084, 0.3485813320272682, 0.10817640999746554, 0.2918451211189788, 0.25882825660097364, 0.33242431620947877, 0.30272779302169955, 0.10201041899136888, 0.16914788291369232},{0.03108694345719565, 0.01537072247061076, 0.16555869579143628, 0.11490379947056371, 0.2489302201926368, 0.3132968858718843, 0.16252014603786571, 0.326074775903385, -9.869281045751634, 0.05134036557024423, 0.13066159044253337, -9.869281045751634, -9.869281045751634, 0.13417246138252065, 0.27273309502407267, 0.11790279058050576, 0.07109233746352533, -9.869281045751634, 0.00756467699986584, 0.29308775787437225, -9.869281045751634, -9.869281045751634, 0.3106908669008207, 0.1556027703957191, -9.869281045751634, 0.0, 0.22568512262449364, 0.08249686313575369, 0.11292599060350293, 0.3565680195049626, 0.21105434619485103, 0.16666752798880421, 0.11230532421235474, 0.2645291414377717, 0.2904860866979824, 0.1391533678408513, 0.08309824719428248, 0.006439924112768163, 0.17059349616389652, -0.0011764980643793077, 0.2831209142794188, -9.869281045751634, 0.2611465013833284, 0.19801809108020937, 0.17111228829802988, 0.07074170422228092, 0.18670688549460987, 0.02490029516878218, 0.11805911498701135, 0.0801829810189155, 0.28755753493904807},{0.15335064814373636, -9.869281045751634, 0.3746894733449727, 0.16378898644146483, 0.3572073985612852, 0.26490483925403635, 0.05702519040454963, 0.13136579726465616, -9.869281045751634, 0.13784085715245123, 0.1826351556635231, 0.17493672955170403, -9.869281045751634, 0.053542077408833426, 0.24727502796541115, 0.02418027773856941, 0.12336784612820977, -9.869281045751634, 0.24285215881914862, 0.2112098553136898, 0.1700320263932076, 0.08909787014721199, 0.25939765732334125, 0.21376073159323616, 0.1716220183603123, 0.22568512262449364, 0.0, 0.20763316997464276, 0.21624721041132614, 0.27111615631595154, 0.21260365524416336, 0.2497002272891199, 0.24679320284234232, 0.4437527084230108, 0.2834160787130345, 0.22139950649843204, 0.19735157356040187, 0.10431002664852655, 0.3157171198780636, 0.2563391728371088, 0.16680268470038484, 0.1861909246952093, 0.3077754189536826, 0.30515615890007597, 0.2615299745838531, 0.16122455640150113, 0.23598231669889458, 0.15243383359899149, 0.36469715149549037, 0.0668643179624908, 0.3649775441481136},{0.29315280589122866, 0.2009619675901025, 0.14738211345759492, 0.08081266661367706, 0.22931322621639608, 0.17824083155152265, 0.4037438586899002, 0.22366239405313584, -9.869281045751634, -9.869281045751634, 0.24336139080234076, 0.1479873473682851, 0.15789062659289177, 0.15877012473720142, 0.2853449394974035, -9.869281045751634, 0.2554009502306022, 0.37261385965818455, 0.34757434065555337, 0.24076396699975414, 0.32190243080672915, 0.11318652673759631, 0.21433662303333462, 0.37954756734000616, 0.27576001723338894, 0.08249686313575369, 0.20763316997464276, 0.0, 0.10831326244420678, 0.08055928304850576, -9.869281045751634, 0.1788597799754934, 0.37260918533893056, 0.06138943521619835, 0.24247687514321767, -9.869281045751634, 0.36130209023293136, 0.31488169974674113, 0.14893078197359505, 0.1601892445887916, 0.16416044908197153, 0.3464076602612785, 0.14472423589914768, 0.2245665677108192, 0.151252751009694, 0.31332519997638275, 0.27750230812035387, 0.05186340341034464, 0.25421583927374186, 0.1609281560029465, 0.16638989760237674},{0.2652916673493925, 0.07919942637754625, 0.2810992909090649, 0.20077891449702512, 0.32056590203929464, 0.35533485934571535, 0.31256323825373733, 0.12926472242359294, 0.247565835317987, 0.12034180469770382, 0.20377813623652635, -9.869281045751634, 0.08198170531143226, 0.17384556656479386, 0.28940436470744646, 0.08646558801965917, 0.18364257407906467, 0.10763920020659627, 0.1511718609567522, 0.195150780152888, 0.2737433450396956, 0.014658253495360506, 0.06419658987474987, 0.2544434815370364, 0.2720764880788942, 0.11292599060350293, 0.21624721041132614, 0.10831326244420678, 0.0, 0.23550579810804712, 0.051985798106465704, 0.09342744028536493, 0.35450363788141587, 0.23305790071789179, 0.14500189514966516, 0.30544334637489023, 0.2529619814742396, 0.2133726795718841, 0.22974643576016887, 0.07396972899444854, 0.06350694711386438, 0.05712750332675785, 0.08898648568519166, 0.19919637369811527, 0.19286588487095713, 0.20345199832322342, 0.12686575733283187, 0.19022743633561126, 0.24795133374579467, 0.07014001906767878, 0.18799473415882204},{0.257866612962099, 0.04119895710034615, 0.35939177097572944, 0.3762983541776919, 0.46995507931839287, 0.3668878236433122, 0.162280332881661, 0.196916721737188, -9.869281045751634, 0.15482546594418684, 0.33359129479035865, -9.869281045751634, -9.869281045751634, 0.14092794210407258, 0.4416333908650948, 0.10163324262288786, 0.08607186811328972, 0.15808624963739543, 0.14345592788448153, 0.43452275942771934, 0.18491725425383546, -9.869281045751634, 0.34338193334409445, 0.34516521617194396, 0.2014509470647844, 0.3565680195049626, 0.27111615631595154, 0.08055928304850576, 0.23550579810804712, 0.0, 0.38369595015751007, 0.452281115853762, 0.24332312349261653, 0.3613937546922728, 0.4075890733418887, 0.3561917002810163, 0.18558154150743256, 0.176886695629762, 0.26923529144858355, -9.869281045751634, 0.46408975761187543, 0.010696237759037957, 0.2966072421359593, 0.29916053280830074, 0.2512702727615686, 0.26830477778161294, 0.2902761150032179, 0.2774761092729232, 0.43225443166004135, 0.06697802190320153, 0.43989678142070565},{0.08470533920760227, 0.048545527639817225, 0.2736206184692304, 0.31257554663701254, 0.2637285424592225, 0.2613924321886573, 0.026606213204067954, 0.17668307722537122, -9.869281045751634, 0.14837337692595856, 0.2272515322584426, 0.13859710673628392, -9.869281045751634, -9.869281045751634, 0.2315711503067349, 0.21265388707066887, 0.106697938616547, 0.05626235933080881, 0.19208117010730597, 0.2658690230411283, 0.029352443502827282, 0.11571417059443403, 0.18717338340346149, 0.1453354742088011, 0.02154101073548999, 0.21105434619485103, 0.21260365524416336, -9.869281045751634, 0.051985798106465704, 0.38369595015751007, 0.0, 0.4547235555472217, 0.10421586123850782, 0.27628765329952676, 0.20596115851913777, 0.27681267378680335, 0.11971934304555207, 0.07897540806069556, 0.2826364606561264, 0.047158433767297385, 0.40436486422482043, 0.06570745968845348, 0.2890264778952921, 0.21223733379462914, 0.15936137071606257, 0.1539755457070187, 0.3254400908747232, 0.24456765446062498, 0.25460339016242023, 0.2330738223494311, 0.23633623330160927},{0.2534826643459472, 0.1965734020947818, 0.25701130723118687, 0.44860578926168615, 0.3775481179595191, 0.27462362021535264, 0.1880228946791366, 0.21578575739096126, -9.869281045751634, 0.11347048519708917, 0.3496150885178505, 0.17390172288797898, 0.017490227939062773, 0.15339318445707514, 0.2752783726784743, 0.20600797611091787, 0.24679671423325394, 0.17465572412242059, 0.26076359342543065, 0.31621496863169174, 0.22571472397617193, 0.19839011269657816, 0.3458764505489695, 0.3676937050799136, 0.2545146769525483, 0.16666752798880421, 0.2497002272891199, 0.1788597799754934, 0.09342744028536493, 0.452281115853762, 0.4547235555472217, 0.0, 0.19122230184911862, 0.31339629572827166, 0.23921598245965867, 0.12035907289989314, 0.312795621775363, 0.3158852892923923, 0.22912212890713057, 0.04972902121042901, 0.44429186892225153, 0.167725757542337, 0.17643448896781097, 0.22498526487371712, 0.2693142374326979, 0.287718371171033, 0.3457428339860752, 0.34871886262724067, 0.3530243964901878, 0.1429731340430942, 0.3523931035363325},{0.24339461522203756, 0.1448563982254215, 0.3476617980902114, 0.17641976588872074, 0.2724841713100182, 0.3531349388103673, 0.28886274204446105, 0.1690496906271487, 0.16962770207206437, 0.0028506133705161084, 0.19294875001484363, 0.09667210687044314, 0.21033420033776765, 0.06678215743989534, 0.35050852995164605, 0.048054747009512275, 0.1842812690000818, 0.2418802483185196, 0.27078389939062775, 0.3880533940203621, 0.19981781661533776, 0.024249237080655017, 0.12986854768632353, 0.38661256572235764, 0.2200811313719234, 0.11230532421235474, 0.24679320284234232, 0.37260918533893056, 0.35450363788141587, 0.24332312349261653, 0.10421586123850782, 0.19122230184911862, 0.0, 0.17350667859731375, 0.15128218280380773, 0.14499589112850012, 0.3654574799141366, 0.2754257791208506, 0.24781800634843984, 0.1419590784745218, 0.19211278893673137, 0.23876955359965274, 0.2227006410912407, 0.3061448034129721, 0.13527598584861103, 0.35798148998996165, 0.2414578526925241, 0.23786592119440156, 0.31043994962293997, 0.18751288349299358, 0.16318340407960227},{0.1784219276126957, 0.030571439005523164, 0.37976689347928416, 0.26537362698088074, 0.3795414875407669, 0.2887935956148697, 0.07739757809641147, 0.21096975735322193, -9.869281045751634, 0.13803808294348022, 0.21420773532225226, 0.12926515396990715, -9.869281045751634, 0.11743246924347193, 0.2499817154395611, 0.22230001149516357, 0.09369982504290669, 0.024371131328913727, 0.12934377207369832, 0.18290180742575413, 0.0844340359059876, 0.09327632065441518, 0.25249661391679745, 0.1820087295186363, 0.12775297546280984, 0.2645291414377717, 0.4437527084230108, 0.06138943521619835, 0.23305790071789179, 0.3613937546922728, 0.27628765329952676, 0.31339629572827166, 0.17350667859731375, 0.0, 0.23202239995599552, 0.2608453296731552, 0.14123033397536838, 0.12299209049500151, 0.2636955536561798, 0.20565286224214452, 0.16389456077800715, 0.01070741281330179, 0.17824471865263136, 0.24836382736334295, 0.3228551131359834, 0.18695295187755598, 0.2594190840123689, 0.24884611529818298, 0.3315384380756937, 0.091863014976865, 0.3360213467031295},{0.22055396177975464, 0.012152547935412305, 0.26575193705150846, 0.15274111156380082, 0.293283156595205, 0.24373629450159204, 0.2469096816451273, 0.20362754614225714, -9.869281045751634, 0.12039808801731255, 0.2346977277182512, -9.869281045751634, -9.869281045751634, 0.12900118303389826, 0.3336872457271795, 0.024605736164507102, 0.013140921791341353, 0.13166466733028961, 0.15178880027609654, 0.35043308994504707, 0.2108585519339244, 0.009193289238883278, 0.33367536458555574, 0.31535081878704635, 0.18357374862571707, 0.2904860866979824, 0.2834160787130345, 0.24247687514321767, 0.14500189514966516, 0.4075890733418887, 0.20596115851913777, 0.23921598245965867, 0.15128218280380773, 0.23202239995599552, 0.0, 0.16889420255901533, 0.1250559559778833, 0.10680583589206845, 0.2337048166145219, 0.0867105046956331, 0.19879051911627063, 0.1423416085849849, 0.2406035348060316, 0.16405707050274523, 0.26133160831674507, 0.18009632516933224, 0.1598470558419657, 0.03229177269117872, 0.3153730997928793, -9.869281045751634, 0.3289446746863521},{0.1947317655623116, -9.869281045751634, 0.35049801924486157, 0.21657145016583235, 0.2600596802382216, 0.3337187906187677, 0.03187611420195241, -9.869281045751634, -9.869281045751634, 0.21499773732686395, 0.14294901947229108, -9.869281045751634, -9.869281045751634, -9.869281045751634, 0.2648517110168154, 0.05993160148049033, -9.869281045751634, 0.007732611668469248, 0.17217496189629347, 0.2653559860285627, 0.12171155941481536, -9.869281045751634, 0.03111078605238586, 0.1019783876197423, 0.14333612650548685, 0.1391533678408513, 0.22139950649843204, -9.869281045751634, 0.30544334637489023, 0.3561917002810163, 0.27681267378680335, 0.12035907289989314, 0.14499589112850012, 0.2608453296731552, 0.16889420255901533, 0.0, 0.09766823461585152, 0.06601221676269964, 0.4001103233703144, -9.869281045751634, 0.2600566117889246, -9.869281045751634, 0.4000544925157492, 0.32558926848297653, 0.09768632804626397, 0.12815078744535968, 0.22975449798348632, 0.2743664295615318, 0.29087140373943077, 0.1730305555981297, 0.105251047880706},{0.3945652893586396, 0.32815498167301815, 0.27403979494212966, 0.33234813445169514, 0.28622100033377273, 0.33139768333024777, 0.3634323799120699, 0.1825202565216283, 0.17847624007304286, 0.0356283592323517, 0.3254899371511732, 0.17317778050580304, 0.18519768976222764, 0.20481006915412608, 0.33847713273387287, 0.17515269049180685, 0.37529876325587963, 0.18981625705252847, 0.399021648597025, 0.361942609870424, 0.3750121590887331, 0.16895198589512375, 0.26938514585772066, 0.47088856319525174, 0.4403145576176755, 0.08309824719428248, 0.19735157356040187, 0.36130209023293136, 0.2529619814742396, 0.18558154150743256, 0.11971934304555207, 0.312795621775363, 0.3654574799141366, 0.14123033397536838, 0.1250559559778833, 0.09766823461585152, 0.0, 0.554807927716425, 0.27445177331760495, 0.1224698970865579, 0.24857198679210657, 0.303896554050895, 0.1881847072730684, 0.3404220422158839, 0.1604821675108437, 0.4267230554292839, 0.3767235470200868, 0.33826848949052724, 0.30972353916614187, 0.2667571578871307, 0.11457393244466511},{0.4338806235883863, 0.39060760206351824, 0.1903986881299926, 0.3309613925873235, 0.3040693417823865, 0.2860395450547875, 0.36233109026634513, 0.15548848978916632, 0.2585521544700361, -9.869281045751634, 0.3243979026143823, 0.19626760590644005, 0.19723646254444235, 0.31161462103080984, 0.26365189080599033, 0.1645404097915813, 0.40659659601177595, 0.189510337456465, 0.34631709857196213, 0.31272036384078816, 0.39464665171380636, 0.17837657883410094, 0.3271953852342489, 0.4621454818316809, 0.5040288188120717, 0.006439924112768163, 0.10431002664852655, 0.31488169974674113, 0.2133726795718841, 0.176886695629762, 0.07897540806069556, 0.3158852892923923, 0.2754257791208506, 0.12299209049500151, 0.10680583589206845, 0.06601221676269964, 0.554807927716425, 0.0, 0.2224019790384106, 0.1292878635613767, 0.23596453030165204, 0.2577618367683816, 0.11642244813427405, 0.3142972944305155, 0.2005268588656191, 0.3772012210620424, 0.2817168702855681, 0.3482671846707665, 0.3015680177314083, 0.15594784584978316, 0.11578323259195004},{0.2950301524958036, -0.00246661400479009, 0.4172147699889428, 0.2436170036178121, 0.227849502395037, 0.4185832033504202, 0.20089138677456286, 0.06592844304281976, -9.869281045751634, 0.22592657876871897, 0.10362351884442991, 0.054554327344491074, -9.869281045751634, -9.869281045751634, 0.3451640778759334, 0.1328229900501799, 0.11466353181271317, 0.10156205891839466, 0.3727436226217445, 0.3757589071193778, 0.24713857748888485, -9.869281045751634, 0.17103894677770026, 0.3133446078052862, 0.29931124772816114, 0.17059349616389652, 0.3157171198780636, 0.14893078197359505, 0.22974643576016887, 0.26923