{0.0, 0.1228763492315272, 0.08269619701713166, 0.2091450683387117, 0.14419741861338867, 0.013789785947122057, 0.10540999998516942, 0.042605817317126544, 0.09762304629491105, 0.1262159173579152, 0.13514789111531428, 0.15555424091730316, 0.02923755471085947, 0.09343743737460809, -49.01960784313726, -49.01960784313726, 0.08584113222326559, 0.06575495305656434, -49.01960784313726, 0.06405909360209532, 0.13843333169048405, 0.07262913605316948, -49.01960784313726, -49.01960784313726, 0.22198332498487663, 0.2233693601448233, 0.0995762991761677, 0.16371382988020142, 0.07622889661268603, 0.1343836722298719, -49.01960784313726, 0.015981374225872674, 0.24093700200847595, 0.03244347733916898, 0.06789391993609052, 0.1800796972529966, 0.3440228908126646, 0.17821946866668562, -49.01960784313726, 0.15062153181284413, 0.036875625383377866, 0.15992144054209798, 0.06261841865957847, 0.31130238686356887, 0.17453411282672868, 0.26746758000473897, 0.08817068920946483, 0.11915534616662095, 0.1655098876966308, 0.05983303940614596, 0.09661032991340278},{0.1228763492315272, 0.0, -49.01960784313726, 0.022715148899409315, 0.22778210245548283, 0.33045954098849306, 0.042276372169021394, 0.07454022469248736, 0.20245547794415, 0.36261236802324914, 0.15969205005989032, 0.11352438047506618, 0.013681053563610646, 0.02136679069106132, -49.01960784313726, -49.01960784313726, -49.01960784313726, 0.34067878029078186, 0.215567306650749, 0.11209173361170989, 0.045306508450821, 0.23912252573170265, 0.2697390300683104, 0.04913171276257613, 0.13257030325779823, 0.10953344807593934, 0.2955521383737569, 0.31242762512112027, 0.3872780464607747, 0.01322987283333842, 0.14967100554062743, -49.01960784313726, 0.12990289843918393, 0.004009718778304513, 0.1293761553796844, 0.13003643275569077, 0.03472814440610907, -49.01960784313726, 0.23816642698560253, 0.04995066253520066, -49.01960784313726, 0.1127669320622784, 0.06702291673906108, 0.05199941006621052, 0.1410829990566362, -49.01960784313726, -49.01960784313726, 0.22331839968341446, 0.23618680901459682, 0.13769793134221417, -49.01960784313726},{0.08269619701713166, -49.01960784313726, 0.0, 0.29390531555768945, 0.1087539201655829, 0.04330315039008678, 0.18964270619333762, 0.07223270087982721, 0.14382957454064738, -49.01960784313726, 0.16633043128983158, 0.379501765036673, 0.2482162606016303, 0.15108020540705938, 0.05191151305086128, 0.11128761443293228, 0.2299442695182611, -49.01960784313726, 0.030066953960932303, 0.17180083731988366, 0.13270478107765868, 0.03293174559666798, -49.01960784313726, 0.10713611873077, 0.2139727101688433, 0.2293843268799112, 0.1363994300001088, 0.021938541786539055, -49.01960784313726, 0.13279802853814412, 0.09796709875417635, 0.29355825272438196, 0.3060238093863811, 0.2745099518056915, 0.08517190269869815, 0.04233071012502117, 0.2701495790027268, 0.2979679208394961, -49.01960784313726, 0.2753737427853994, 0.3320930798331406, 0.15115431655102649, 0.23726244170726762, 0.19158460180237097, 0.23824722219982744, 0.2352954474523769, 0.3050558172741242, 0.24267888360512951, 0.07798700930739982, 0.2044694464050931, 0.34598298672048916},{0.2091450683387117, 0.022715148899409315, 0.29390531555768945, 0.0, 0.25632947214783985, 0.10100456248713428, 0.052409511028577216, 0.1373731600540653, -49.01960784313726, -49.01960784313726, 0.16794302598720737, 0.3563050059169291, 0.17905158123537682, 0.12660088354402746, 0.10253909020469587, -49.01960784313726, 0.0978144861384546, -49.01960784313726, -49.01960784313726, 0.1550708366833482, 0.21040491241283119, -49.01960784313726, -49.01960784313726, 0.11385696043914398, 0.3325673043455006, 0.2242243320980028, 0.19650564825519792, 0.09151156222379728, -49.01960784313726, 0.1702684473268196, 0.005642241090376072, 0.41014238919944734, 0.17874108744343495, 0.42552067783673897, 0.1649247765207779, 0.1297829112490143, 0.13592140223206034, 0.30290017956268617, -49.01960784313726, 0.472322928403793, 0.30035227210112586, 0.0960730502895379, 0.271383510536367, 0.29222326998675835, 0.17746001909914041, 0.2424762147960277, 0.06074464244525215, 0.17286025718444673, 0.061386201367918725, 0.38964612051761055, 0.2775294831115449},{0.14419741861338867, 0.22778210245548283, 0.1087539201655829, 0.25632947214783985, 0.0, 0.18626148021129366, 0.1290496492648622, 0.05026587463467864, 0.11440495455033675, 0.21273852295461693, 0.15506839407614667, 0.23324786652907287, 0.21833646247560365, 0.09631962774682984, -49.01960784313726, 0.04008467386600675, 0.2207393494159559, 0.19414803106158454, 0.16904711456222093, 0.07951755853549097, 0.10674848341111966, 0.28832475352571457, 0.20927982467785922, 0.22595505113898562, 0.20894902451023903, 0.21117202196947582, 0.20562152350195234, 0.23382418918534598, 0.2795663013647526, 0.22682277659611125, 0.13261459678427176, 0.14557267582360592, 0.20057825066731397, 0.18894049465415746, 0.17389176925023062, 0.19581683829328325, -49.01960784313726, 0.18264054229380078, 0.08303753362639801, 0.23824397613711865, 0.14635582840055342, 0.11297649495376517, 0.20123109822019503, 0.202026300071778, 0.1101979347674922, 0.1964910938038103, 0.0020071833637963256, 0.2197988734119033, 0.1509807734754506, 0.19349578500879888, 0.165760255234738},{0.013789785947122057, 0.33045954098849306, 0.04330315039008678, 0.10100456248713428, 0.18626148021129366, 0.0, 0.22512231704085023, -49.01960784313726, 0.2121814981570187, 0.20121693143662248, 0.3456522502411808, 0.12161370594576529, 0.04706904844620705, 0.1133035112361936, -49.01960784313726, 0.07566256804079145, 0.13081598120721213, 0.25879033624715414, 0.18518327374713697, 0.207721148632161, -49.01960784313726, 0.1408547590206559, 0.21037474235781883, 0.08491984894660155, 0.18209442750603416, 0.09264504584905227, 0.21578495580210544, 0.12726516002884525, 0.18889659512377643, 0.1169593058648719, 0.1664565818226409, 0.1275490713313288, 0.15885952397920952, 0.196916721737188, 0.23967060359750533, 0.1687761701088462, 7.616896847541678E-4, 0.05055609950742783, 0.08869926427755383, 0.17070852247926557, 0.20362754614225714, 0.06380031205679197, 0.11724638430037561, 0.06266440355411493, 0.18070025123642508, 0.051447174980477114, 0.03645716446775773, 0.21896247299122634, 0.18678836806495505, 0.1363211922006622, 0.18361849375844896},{0.10540999998516942, 0.042276372169021394, 0.18964270619333762, 0.052409511028577216, 0.1290496492648622, 0.22512231704085023, 0.0, 0.01536059260254821, 0.23251311332428465, -49.01960784313726, 0.4638730903254354, 0.2260603258255298, 0.052710821401184285, 0.30067106293898016, -49.01960784313726, 0.21083318509300414, 0.299444865085957, -49.01960784313726, 0.15448783736413862, 0.2105736130297941, 0.04762428761327722, 0.2985361241946397, 0.10718077899533021, 0.2227315546004845, 0.20097683475169476, 0.23917427302847166, 0.17383518998987532, -49.01960784313726, 0.0775947794950368, 0.28722381273136616, 0.22814857090575677, 0.17590022305409675, 0.38936460598427886, 0.162280332881661, 0.13213562709339294, 0.3218199049022923, 0.19937667943306747, 0.2342773950875257, 0.05775444771848375, 0.11720038188505093, 0.2469096816451273, 0.1451403151334577, 0.23363273066149914, 0.033414964232582424, 0.3079487907841023, 0.3002334349551101, 0.348561890501017, 0.21540788148250264, 0.16666258316437008, 0.0010415439484875672, 0.33073761338642915},{0.042605817317126544, 0.07454022469248736, 0.07223270087982721, 0.1373731600540653, 0.05026587463467864, -49.01960784313726, 0.01536059260254821, 0.0, -49.01960784313726, -49.01960784313726, -49.01960784313726, 0.23463080798266817, 0.19465269582656355, 0.050715498237236194, 0.14198537605881043, -49.01960784313726, -49.01960784313726, -49.01960784313726, -49.01960784313726, -49.01960784313726, 0.26633930302711856, 0.03152541181812911, -49.01960784313726, 0.14903224891098402, 0.18799795047806023, 0.25825346363195645, 0.2759234000044709, 0.1073594428130225, 0.09067683541688693, 0.09809195196992286, 0.14574445162453784, 0.12996944461849386, 0.11047527131936968, 0.15482546594418684, 0.02416545418092497, 0.041967792673691974, 0.06466003586461207, 0.17045654712417685, 0.05614356583399418, 0.03052038099505238, 0.12039808801731255, 0.26728326827615273, 0.26012333118793085, -49.01960784313726, 0.023938832233414892, 0.11295358545488857, -49.01960784313726, 0.13864462732923272, 0.14522486218648878, 0.1782129591857437, 0.02918026666206149},{0.09762304629491105, 0.20245547794415, 0.14382957454064738, -49.01960784313726, 0.11440495455033675, 0.2121814981570187, 0.23251311332428465, -49.01960784313726, 0.0, 0.2867355776696494, 0.3193211204535542, 0.3177446530065081, 0.05487109769484653, 0.38090584481961204, 0.1374512987164844, 0.10115367438211031, 0.09200345672552554, 0.15481498620878334, 0.3317320090830607, 0.08667889619654301, 0.13972757837137817, 0.2816202393299445, 0.20763048763556782, 0.13505623765624122, 0.28184944568083553, 0.3103118914232127, 0.2704161258579341, 0.11812900831072534, 0.21686749934191482, 0.2760999203603146, 0.25008648690640334, 0.09446711836205375, 0.3769931924238843, 0.1289002138428545, 0.23145531040813214, 0.4084668924798412, 0.23388472717559158, 0.22598569611746436, 0.3467266468289938, 0.07130064255379095, 0.1012064886378173, 0.23207443024258823, 0.15465414207772898, 0.20659373442309623, 0.18027321360820633, 0.25394928560225066, 0.21384871740250197, 0.453481337005211, 0.43494569808292444, -49.01960784313726, 0.36083927806241206},{0.1262159173579152, 0.36261236802324914, -49.01960784313726, -49.01960784313726, 0.21273852295461693, 0.20121693143662248, -49.01960784313726, -49.01960784313726, 0.2867355776696494, 0.0, 0.12777555345107483, 0.09202361228304597, -49.01960784313726, 0.11049140086559368, -49.01960784313726, 0.01438986766690775, 0.030046077756109537, 0.42299732338693286, 0.35182336045581947, 0.07052381307659883, 0.03701908694048075, 0.21205471372790843, 0.3154174232671595, -49.01960784313726, 0.16531569218596434, 0.0815587351834142, 0.18753152291225253, 0.3564702405371137, 0.43038050833134833, 0.15156335841319077, 0.18009206499955863, -49.01960784313726, 0.07272182951216243, -49.01960784313726, 0.23353756901372447, 0.18430121271077565, -49.01960784313726, 0.010846534891119052, 0.30593398957729473, 0.08871519253291214, -49.01960784313726, 0.1477946235879696, 0.01257599069274644, 0.299139843656792, 0.10232300194266772, 0.053428852470839124, -49.01960784313726, 0.2603123028198927, 0.32375411381692315, -0.002416942325414713, 0.08097069284528217},{0.13514789111531428, 0.15969205005989032, 0.16633043128983158, 0.16794302598720737, 0.15506839407614667, 0.3456522502411808, 0.4638730903254354, -49.01960784313726, 0.3193211204535542, 0.12777555345107483, 0.0, 0.2692533658915933, -49.01960784313726, 0.3103090579327258, 0.011161410456851015, 0.16338061516864102, 0.22073822995056475, 0.02121672507096775, 0.18537991276077634, 0.2738701897877176, 0.12570601969884304, 0.18572884526477618, 0.05022083988307619, 0.09339062451885398, 0.38007705172994444, 0.27899301686327294, 0.32021461401855034, 0.003957574598954786, 0.16511154951863505, 0.34432842934699665, 0.32936884621230017, 0.22207356852238638, 0.33473965924116555, 0.2879956244246169, 0.3161475480155744, 0.35852954429483885, 0.1410251447423273, 0.2630773892877299, 0.10459614933543807, 0.20058554857312236, 0.3877882856665736, 0.12929630709029238, 0.23122564852804622, 0.23430552950973782, 0.35752692152842674, 0.28128819235563224, 0.3682863029357089, 0.3653103933766942, 0.3307136768821592, 0.08920831114274803, 0.4036244627267869},{0.15555424091730316, 0.11352438047506618, 0.379501765036673, 0.3563050059169291, 0.23324786652907287, 0.12161370594576529, 0.2260603258255298, 0.23463080798266817, 0.3177446530065081, 0.09202361228304597, 0.2692533658915933, 0.0, 0.29359293861988506, 0.27880939928355797, 0.2062590100638659, 0.007362959540451664, 0.13076882327171807, -49.01960784313726, 0.011069487357867601, 0.17034867114294241, 0.43703800463429815, 0.1649796806726281, -49.01960784313726, 0.2374386747816459, 0.440158151951106, 0.4810429422279469, 0.41383145534156685, 0.1688625556516046, -49.01960784313726, 0.29213043646790615, 0.20332718428259414, 0.39950842743543663, 0.45982817568309, 0.39263288987584305, 0.12482375503067303, 0.30193239738933497, 0.2551415746909157, 0.39671534082952226, 0.05186963636302267, 0.28103574701446454, 0.2751443371388994, 0.3355259847204327, 0.3842924639951105, 0.19478488152670098, 0.2852541658667093, 0.3089522034735519, 0.25545166042694695, 0.4887446782279798, 0.372681233314761, 0.34372607120999055, 0.40399781057819456},{0.02923755471085947, 0.013681053563610646, 0.2482162606016303, 0.17905158123537682, 0.21833646247560365, 0.04706904844620705, 0.052710821401184285, 0.19465269582656355, 0.05487109769484653, -49.01960784313726, -49.01960784313726, 0.29359293861988506, 0.0, 0.02887497156765406, 0.15588116627604975, -0.001764285823492161, 0.19500221821620847, -49.01960784313726, 0.13475496137737814, -49.01960784313726, 0.26812762792832107, 0.08891980715839612, 0.14729740013995732, 0.2704402772813187, 0.05559167944917759, 0.2507554857440271, 0.07070416315995526, 0.23170543557383294, 0.07368698653394204, 0.03450578700246268, 0.04903198921206187, 0.1117039419854637, 0.20221484650692687, 0.07860584904424443, -49.01960784313726, -49.01960784313726, 0.03214398827697959, 0.24052993245652393, 0.05970124748662748, 0.08804570540130685, 0.16145752209127295, 0.26754207724684725, 0.1601821532261641, -49.01960784313726, -49.01960784313726, 0.16108832989553643, 0.07904432766946091, 0.20940472150536207, -49.01960784313726, 0.14166732291765521, 0.05720753377581279},{0.09343743737460809, 0.02136679069106132, 0.15108020540705938, 0.12660088354402746, 0.09631962774682984, 0.1133035112361936, 0.30067106293898016, 0.050715498237236194, 0.38090584481961204, 0.11049140086559368, 0.3103090579327258, 0.27880939928355797, 0.02887497156765406, 0.0, 0.15981303765489466, 0.02858078496463774, 0.15973369494959172, 0.018829372226649693, 0.13727380818742166, 0.10486857496178231, 0.2034656894554999, 0.22320017224216582, 0.036421369507556894, 0.14505623033519724, 0.2005488691189616, 0.3606416693657455, 0.17094519749696574, -49.01960784313726, 0.04095398863945238, 0.3699729605754916, 0.32227649750552634, 0.2074797863758549, 0.3043396033453848, 0.15276307750859627, 0.12308409888035553, 0.363718327514762, 0.16468295558592028, 0.39434376219750367, 0.022568380265877222, 0.1881435779366236, 0.144527874608405, 0.2948759776005001, 0.13781257526738896, 0.17829412521909957, 0.13689618495219733, 0.3879304021337229, 0.28095188257961506, 0.2332098957775167, 0.28304215047766584, 0.10223289528149931, 0.40480458680490145},{-49.01960784313726, -49.01960784313726, 0.05191151305086128, 0.10253909020469587, -49.01960784313726, -49.01960784313726, -49.01960784313726, 0.14198537605881043, 0.1374512987164844, -49.01960784313726, 0.011161410456851015, 0.2062590100638659, 0.15588116627604975, 0.15981303765489466, 0.0, 0.09247340860487067, -49.01960784313726, -49.01960784313726, -49.01960784313726, 0.07691270957769301, 0.30997766662635695, -49.01960784313726, -49.01960784313726, 0.25034507880577533, 0.06158755874780575, 0.11608429076782381, 0.07643018193276829, -49.01960784313726, -49.01960784313726, -49.01960784313726, -49.01960784313726, 0.22658303041176714, 0.05459891148421346, 0.14948947931875978, -49.01960784313726, 0.09523531546599893, 0.027982048693424168, 0.1653616502117323, 0.08406413848239945, 0.03420810275247542, 0.021837957261273258, 0.1515405702078371, 0.21079922312528676, -49.01960784313726, -49.01960784313726, 0.00683756653222314, 0.08909937476943071, 0.0689456056575097, 0.0556977466897652, 0.22003287231777569, 0.0902868946023133},{-49.01960784313726, -49.01960784313726, 0.11128761443293228, -49.01960784313726, 0.04008467386600675, 0.07566256804079145, 0.21083318509300414, -49.01960784313726, 0.10115367438211031, 0.01438986766690775, 0.16338061516864102, 0.007362959540451664, -0.001764285823492161, 0.02858078496463774, 0.09247340860487067, 0.0, 0.0981604662400535, -49.01960784313726, 0.053765697199889856, 0.2538090723821953, 0.01792396948495222, 0.07841068188270939, 0.04021211254957368, 0.11002733553634125, -49.01960784313726, -49.01960784313726, 0.11353226350711602, -49.01960784313726, 0.07264908586900887, -49.01960784313726, 0.02277340449127489, 0.01773595447109897, 0.10566503018071392, 0.04583310915654037, 0.03530649634174113, 0.04021958941919268, 0.09458965975961812, -49.01960784313726, 0.14422019167823374, -49.01960784313726, 0.11891889501597674, -49.01960784313726, 0.09377891722403865, 0.008536372349113445, 0.19100506591527774, -49.01960784313726, 0.3036859455922428, 0.1402281620034328, 0.06377111849924202, -49.01960784313726, 0.08003077658433716},{0.08584113222326559, -49.01960784313726, 0.2299442695182611, 0.0978144861384546, 0.2207393494159559, 0.13081598120721213, 0.299444865085957, -49.01960784313726, 0.09200345672552554, 0.030046077756109537, 0.22073822995056475, 0.13076882327171807, 0.19500221821620847, 0.15973369494959172, -49.01960784313726, 0.0981604662400535, 0.0, 0.09495594748885688, 0.12003100457157834, 0.008565598438428126, -49.01960784313726, 0.28749399111144036, 0.1697189702852183, 0.08322316725847581, 0.015458749198437186, 0.07920038656803743, -49.01960784313726, 0.11678420722703066, 0.08682773297761878, 0.17488493683842077, 0.08825004602063119, 0.16051621464269666, 0.1908367605758144, 0.14092794210407258, 0.16913937181019917, 0.16546314252533068, 0.009540495920571518, 0.15558780648725584, -49.01960784313726, 0.1457359387210641, 0.12900118303389826, -49.01960784313726, 0.10202437756418975, 0.11747328469518377, 0.1973151325031707, 0.2200917104266619, 0.256378530742066, 0.11823657483349839, 0.053358007954311726, -49.01960784313726, 0.2511517383051206},{0.06575495305656434, 0.34067878029078186, -49.01960784313726, -49.01960784313726, 0.19414803106158454, 0.25879033624715414, -49.01960784313726, -49.01960784313726, 0.15481498620878334, 0.42299732338693286, 0.02121672507096775, -49.01960784313726, -49.01960784313726, 0.018829372226649693, -49.01960784313726, -49.01960784313726, 0.09495594748885688, 0.0, 0.40087804903206875, -49.01960784313726, -49.01960784313726, 0.2749708330970676, 0.5312976977400367, -49.01960784313726, -49.01960784313726, -49.01960784313726, 0.009390063834156972, 0.4265633438265894, 0.40586932516334673, 0.08838050067412112, 0.08969946318819168, -49.01960784313726, -49.01960784313726, -49.01960784313726, 0.1566225566097104, 0.12568274960065304, -49.01960784313726, -49.01960784313726, 0.2958408081515072, 0.04413727745613373, -49.01960784313726, 0.047673705796307184, -49.01960784313726, 0.21380172843681133, -49.01960784313726, 0.021464661830478654, -49.01960784313726, 0.10729682773174819, 0.16237702098200738, 0.017219658334108524, -49.01960784313726},{-49.01960784313726, 0.215567306650749, 0.030066953960932303, -49.01960784313726, 0.16904711456222093, 0.18518327374713697, 0.15448783736413862, -49.01960784313726, 0.3317320090830607, 0.35182336045581947, 0.18537991276077634, 0.011069487357867601, 0.13475496137737814, 0.13727380818742166, -49.01960784313726, 0.053765697199889856, 0.12003100457157834, 0.40087804903206875, 0.0, -49.01960784313726, -49.01960784313726, 0.28662542587035456, 0.5370037206949783, 0.05224270775408452, 0.06621488921514203, 0.04542659476126347, 0.06425028994038755, 0.29007155134719975, 0.43228748159129093, 0.11210589373945544, 0.2896794891036826, -49.01960784313726, 0.08609025132067336, -49.01960784313726, 0.16971173950712679, 0.0693910617770042, -49.01960784313726, 0.03361546838199267, 0.4182389572391154, -49.01960784313726, 0.10752709459713924, 0.10470135928532096, -49.01960784313726, 0.13886224191118776, 0.012946988920888523, 0.13021470295747123, 0.12505453091552257, 0.293009616122779, 0.15520082645221192, -49.01960784313726, 0.06938425378943808},{0.06405909360209532, 0.11209173361170989, 0.17180083731988366, 0.1550708366833482, 0.07951755853549097, 0.207721148632161, 0.2105736130297941, -49.01960784313726, 0.08667889619654301, 0.07052381307659883, 0.2738701897877176, 0.17034867114294241, -49.01960784313726, 0.10486857496178231, 0.07691270957769301, 0.2538090723821953, 0.008565598438428126, -49.01960784313726, -49.01960784313726, 0.0, 0.09456185918580141, 0.10668308331818636, -49.01960784313726, 0.06861070357906855, 0.15858672524168854, 0.05142903149505703, 0.26660186288070525, -49.01960784313726, -49.01960784313726, 0.038623789097326014, 0.13208636270026536, 0.14919046841181713, 0.14710718642279363, 0.16221511510328826, 0.16807679557326236, 0.09799510662526326, 0.16475621462752074, 0.004519258006537532, -49.01960784313726, 0.22515061082296367, 0.2508904668197341, 0.04371921511361508, 0.1578136191342734, 0.18626319835222752, 0.5132951591933969, -49.01960784313726, 0.17515751326783657, 0.18409956188229817, 0.072327112438871, 0.22532146453185298, 0.2236060582307813},{0.13843333169048405, 0.045306508450821, 0.13270478107765868, 0.21040491241283119, 0.10674848341111966, -49.01960784313726, 0.04762428761327722, 0.26633930302711856, 0.13972757837137817, 0.03701908694048075, 0.12570601969884304, 0.43703800463429815, 0.26812762792832107, 0.2034656894554999, 0.30997766662635695, 0.01792396948495222, -49.01960784313726, -49.01960784313726, -49.01960784313726, 0.09456185918580141, 0.0, 0.008167182029953422, -49.01960784313726, 0.13206327392647496, 0.27666051665472213, 0.3731729220405807, 0.26185940220547727, 0.21791835570516033, -49.01960784313726, 0.2738441036500331, 0.1190593745615314, 0.18729276743601475, 0.2623296707753034, 0.1696374114531268, 0.01410325840664225, 0.23328341250747128, 0.1655688500565686, 0.3138418486933647, 0.04294856605490123, 0.0905173245763642, 0.05823998349971178, 0.3634051261193397, 0.33070675435707025, 0.13315785677635134, 0.07244547908315879, 0.21826697767940662, 0.16267881551054866, 0.3032953570610113, 0.2555248169649345, 0.3428963904121519, 0.16104106688325892},{0.07262913605316948, 0.23912252573170265, 0.03293174559666798, -49.01960784313726, 0.28832475352571457, 0.1408547590206559, 0.2985361241946397, 0.03152541181812911, 0.2816202393299445, 0.21205471372790843, 0.18572884526477618, 0.1649796806726281, 0.08891980715839612, 0.22320017224216582, -49.01960784313726, 0.07841068188270939, 0.28749399111144036, 0.2749708330970676, 0.28662542587035456, 0.10668308331818636, 0.008167182029953422, 0.0, 0.3484111714040124, 0.19349112630114806, 0.15953650713493794, 0.16631303712123388, 0.2234405922762837, 0.14604141645613328, 0.2886368001225578, 0.2427059520293739, 0.29923926573979087, -49.01960784313726, 0.2958958912307922, 0.008249749028665328, 0.23649512296321246, 0.3879721947440357, 0.01588989333550727, 0.07738080786794137, 0.22357485662666285, 0.05669647984373037, 0.03405084598430425, 0.15673310283409536, 0.18674655630274647, 0.10331742880961782, 0.24650852810054436, 0.24599736224470398, 0.061201478661684315, 0.2511517805992699, 0.21810071523497532, -49.01960784313726, 0.18075097752989572},{-49.01960784313726, 0.2697390300683104, -49.01960784313726, -49.01960784313726, 0.20927982467785922, 0.21037474235781883, 0.10718077899533021, -49.01960784313726, 0.20763048763556782, 0.3154174232671595, 0.05022083988307619, -49.01960784313726, 0.14729740013995732, 0.036421369507556894, -49.01960784313726, 0.04021211254957368, 0.1697189702852183, 0.5312976977400367, 0.5370037206949783, -49.01960784313726, -49.01960784313726, 0.3484111714040124, 0.0, 0.05207213570249491, -49.01960784313726, -49.01960784313726, -49.01960784313726, 0.3325747351792779, 0.3800300270510792, 0.0045365210132200596, 0.17289771488726965, -49.01960784313726, 0.05787085829465925, -49.01960784313726, 0.09350241452602026, 0.08883638694139885, -49.01960784313726, -49.01960784313726, 0.39830574882432673, -49.01960784313726, -49.01960784313726, 0.08618491753703118, -49.01960784313726, 0.12232113371356312, 0.024843687611158113, 0.013781737331524147, -49.01960784313726, 0.1510280113959444, 0.008334287292115999, -49.01960784313726, -49.01960784313726},{-49.01960784313726, 0.04913171276257613, 0.10713611873077, 0.11385696043914398, 0.22595505113898562, 0.08491984894660155, 0.2227315546004845, 0.14903224891098402, 0.13505623765624122, -49.01960784313726, 0.09339062451885398, 0.2374386747816459, 0.2704402772813187, 0.14505623033519724, 0.25034507880577533, 0.11002733553634125, 0.08322316725847581, -49.01960784313726, 0.05224270775408452, 0.06861070357906855, 0.13206327392647496, 0.19349112630114806, 0.05207213570249491, 0.0, 0.12039582673812432, 0.16762549134733318, 0.13230308245945674, -49.01960784313726, 0.06775245257335732, 0.07901564938880527, 0.11659806929077698, 0.2892194024563386, 0.16107894416493904, 0.20206991896080506, -49.01960784313726, 0.11204049222483534, 0.10555400908275209, 0.15701753965017848, 0.1506084499770106, 0.11040558155851887, 0.09634413618045742, 0.109968307750522, 0.23553728026377724, -49.01960784313726, -49.01960784313726, 0.16841853823293443, 0.08352526036687524, 0.17837651633600968, 0.03734798774787425, 0.16315966925315775, 0.10093318117621211},{0.22198332498487663, 0.13257030325779823, 0.2139727101688433, 0.3325673043455006, 0.20894902451023903, 0.18209442750603416, 0.20097683475169476, 0.18799795047806023, 0.28184944568083553, 0.16531569218596434, 0.38007705172994444, 0.440158151951106, 0.05559167944917759, 0.2005488691189616, 0.06158755874780575, -49.01960784313726, 0.015458749198437186, -49.01960784313726, 0.06621488921514203, 0.15858672524168854, 0.27666051665472213, 0.15953650713493794, -49.01960784313726, 0.12039582673812432, 0.0, 0.4143308792085348, 0.4613814427614654, 0.1474332349800416, 0.1153330064049969, 0.4119757151149098, 0.16023848781640165, 0.40791894728652284, 0.3619021174373866, 0.48162819811782853, 0.24903459761737204, 0.366166756191783, 0.25976260556296493, 0.31713585122088833, 0.09839845500460116, 0.32338537486040236, 0.3281411656565906, 0.2608046035198634, 0.30652573873132266, 0.26835500341912144, 0.22350409116818679, 0.36821077692855425, 0.15756222943098339, 0.37093233019576793, 0.4732966376347651, 0.3161757979074815, 0.36346468228252377},{0.2233693601448233, 0.10953344807593934, 0.2293843268799112, 0.2242243320980028, 0.21117202196947582, 0.09264504584905227, 0.23917427302847166, 0.25825346363195645, 0.3103118914232127, 0.0815587351834142, 0.27899301686327294, 0.4810429422279469, 0.2507554857440271, 0.3606416693657455, 0.11608429076782381, -49.01960784313726, 0.07920038656803743, -49.01960784313726, 0.04542659476126347, 0.05142903149505703, 0.3731729220405807, 0.16631303712123388, -49.01960784313726, 0.16762549134733318, 0.4143308792085348, 0.0, 0.38585313714181396, 0.14752282243870943, 0.07522710619783356, 0.3856016164569942, 0.2596754932245803, 0.25526085938806486, 0.47425760772751163, 0.26459123149000746, 0.0519380554328215, 0.3278739942446665, 0.3110757557681172, 0.43716559794062865, 0.04067838118095856, 0.14820634044066167, 0.21140546699748755, 0.36613998750840493, 0.25194194659175356, 0.10902220195313055, 0.1631520404700404, 0.3958745523256655, 0.19793626100695116, 0.32373977654209113, 0.35130214631668777, 0.1709102356967314, 0.27949772898953634},{0.0995762991761677, 0.2955521383737569, 0.1363994300001088, 0.19650564825519792, 0.20562152350195234, 0.21578495580210544, 0.17383518998987532, 0.2759234000044709, 0.2704161258579341, 0.18753152291225253, 0.32021461401855034, 0.41383145534156685, 0.07070416315995526, 0.17094519749696574, 0.07643018193276829, 0.11353226350711602, -49.01960784313726, 0.009390063834156972, 0.06425028994038755, 0.26660186288070525, 0.26185940220547727, 0.2234405922762837, -49.01960784313726, 0.13230308245945674, 0.4613814427614654, 0.38585313714181396, 0.0, 0.23717153197249433, 0.18446734017647382, 0.31285538782891603, 0.3031473945813184, 0.23544226097730336, 0.3562388839188859, 0.3189621757743737, 0.20770210707872405, 0.2887850483795953, 0.1286867654955129, 0.15593019115332432, 0.14336616548183218, 0.21867040414651753, 0.2688169437728802, 0.3218130969839673, 0.2291232717639043, 0.11976690396834805, 0.2718200414142562, 0.1786833319803315, 0.09320508561749635, 0.3816613151340003, 0.4288406929924544, 0.3258096293271469, 0.24447961327360665},{0.16371382988020142, 0.31242762512112027, 0.021938541786539055, 0.09151156222379728, 0.23382418918534598, 0.12726516002884525, -49.01960784313726, 0.1073594428130225, 0.11812900831072534, 0.3564702405371137, 0.003957574598954786, 0.1688625556516046, 0.23170543557383294, -49.01960784313726, -49.01960784313726, -49.01960784313726, 0.11678420722703066, 0.4265633438265894, 0.29007155134719975, -49.01960784313726, 0.21791835570516033, 0.14604141645613328, 0.3325747351792779, -49.01960784313726, 0.1474332349800416, 0.14752282243870943, 0.23717153197249433, 0.0, 0.33832004564607976, 0.17636246327176822, 0.12252293803947538, -49.01960784313726, 0.10631196490695495, -49.01960784313726, 0.10982896760716973, 0.03279122094076427, -49.01960784313726, 0.028875198458367838, 0.2382953990991509, 0.13847406368754536, 0.02037085919992522, 0.32936243455614533, -49.01960784313726, 0.13204509070076612, 0.051454889701112234, 0.02036834835726282, -49.01960784313726, 0.28144628375795583, 0.2851104855760615, 0.19499095491620877, -49.01960784313726},{0.07622889661268603, 0.3872780464607747, -49.01960784313726, -49.01960784313726, 0.2795663013647526, 0.18889659512377643, 0.0775947794950368, 0.09067683541688693, 0.21686749934191482, 0.43038050833134833, 0.16511154951863505, -49.01960784313726, 0.07368698653394204, 0.04095398863945238, -49.01960784313726, 0.07264908586900887, 0.08682773297761878, 0.40586932516334673, 0.43228748159129093, -49.01960784313726, -49.01960784313726, 0.2886368001225578, 0.3800300270510792, 0.06775245257335732, 0.1153330064049969, 0.07522710619783356, 0.18446734017647382, 0.33832004564607976, 0.0, 0.1165569000900311, 0.21463187179798518, -49.01960784313726, 0.04623027944803929, -49.01960784313726, 0.21149393662918214, 0.12233483115502304, -49.01960784313726, 0.02519243781399562, 0.3548994107117952, -49.01960784313726, 0.009193289238883278, 0.059193099690788856, -49.01960784313726, 0.08518717380118655, -49.01960784313726, 0.13872412750123192, 0.02131407934204983, 0.2029958563756222, 0.264620279183818, -49.01960784313726, -49.01960784313726},{0.1343836722298719, 0.01322987283333842, 0.13279802853814412, 0.1702684473268196, 0.22682277659611125, 0.1169593058648719, 0.28722381273136616, 0.09809195196992286, 0.2760999203603146, 0.15156335841319077, 0.34432842934699665, 0.29213043646790615, 0.03450578700246268, 0.3699729605754916, -49.01960784313726, -49.01960784313726, 0.17488493683842077, 0.08838050067412112, 0.11210589373945544, 0.038623789097326014, 0.2738441036500331, 0.2427059520293739, 0.0045365210132200596, 0.07901564938880527, 0.4119757151149098, 0.3856016164569942, 0.31285538782891603, 0.17636246327176822, 0.1165569000900311, 0.0, 0.2950184159207536, 0.2621352306557729, 0.27553052463062305, 0.27878116321652324, 0.24908585398648073, 0.4075638484806283, 0.08714124453123125, 0.3420859592474936, 0.02928306188188584, 0.26491894215811873, 0.22006741275089942, 0.27367900041620746, 0.22260147485046577, 0.21690013892213283, 0.1291584778454243, 0.47648426963331425, 0.10441216108603635, 0.21474912153502784, 0.3965079000601541, 0.2208810740887859, 0.3476222607715767},{-49.01960784313726, 0.14967100554062743, 0.09796709875417635, 0.005642241090376072, 0.13261459678427176, 0.1664565818226409, 0.22814857090575677, 0.14574445162453784, 0.25008648690640334, 0.18009206499955863, 0.32936884621230017, 0.20332718428259414, 0.04903198921206187, 0.32227649750552634, -49.01960784313726, 0.02277340449127489, 0.08825004602063119, 0.08969946318819168, 0.2896794891036826, 0.13208636270026536, 0.1190593745615314, 0.29923926573979087, 0.17289771488726965, 0.11659806929077698, 0.16023848781640165, 0.2596754932245803, 0.3031473945813184, 0.12252293803947538, 0.21463187179798518, 0.2950184159207536, 0.0, 0.032336147006510205, 0.183647623457014, 0.07750682823300327, 0.2436727692325678, 0.22860751434369977, -49.01960784313726, 0.18615339533069888, 0.1360505153695796, 0.07677818069454405, 0.18769911381413187, 0.17087735496641346, 0.14245497101853516, 0.02201374182250804, 0.200441606155739, 0.21051606491390717, 0.1420531865087268, 0.2663816733810643, 0.19360871975121466, 0.07156338608796332, 0.24420480206229367},{0.015981374225872674, -49.01960784313726, 0.29355825272438196, 0.41014238919944734, 0.14557267582360592, 0.1275490713313288, 0.17590022305409675, 0.12996944461849386, 0.09446711836205375, -49.01960784313726, 0.22207356852238638, 0.39950842743543663, 0.1117039419854637, 0.2074797863758549, 0.22658303041176714, 0.01773595447109897, 0.16051621464269666, -49.01960784313726, -49.01960784313726, 0.14919046841181713, 0.18729276743601475, -49.01960784313726, -49.01960784313726, 0.2892194024563386, 0.40791894728652284, 0.25526085938806486, 0.23544226097730336, -49.01960784313726, -49.01960784313726, 0.2621352306557729, 0.032336147006510205, 0.0, 0.19179826847101222, 0.5842384195526402, 0.12666241008066584, 0.17463779966061382, 0.18387093881445538, 0.34179326802964577, -49.01960784313726, 0.3969137858059212, 0.30226435882878727, 0.10417407949137478, 0.3399492213417313, 0.12246056960894637, 0.11198906326891302, 0.29201640249088306, 0.17959896038669093, 0.22139076068293337, 0.2272976361369394, 0.3423442352947211, 0.3679796966094716},{0.24093700200847595, 0.12990289843918393, 0.3060238093863811, 0.17874108744343495, 0.20057825066731397, 0.15885952397920952, 0.38936460598427886, 0.11047527131936968, 0.3769931924238843, 0.07272182951216243, 0.33473965924116555, 0.45982817568309, 0.20221484650692687, 0.3043396033453848, 0.05459891148421346, 0.10566503018071392, 0.1908367605758144, -49.01960784313726, 0.08609025132067336, 0.14710718642279363, 0.2623296707753034, 0.2958958912307922, 0.05787085829465925, 0.16107894416493904, 0.3619021174373866, 0.47425760772751163, 0.3562388839188859, 0.10631196490695495, 0.04623027944803929, 0.27553052463062305, 0.183647623457014, 0.19179826847101222, 0.0, 0.1952172891550411, 0.13538601185619414, 0.41234432571946783, 0.35297295226917, 0.3599967793103177, 0.11756926256118248, 0.13800805318336512, 0.20761994546453996, 0.31095043170587877, 0.31111937205091267, 0.20278982237555487, 0.28397746214618663, 0.36152719093644603, 0.34428331142923757, 0.3885976479743314, 0.3366777087685056, 0.08327470808781728, 0.3718865380001676},{0.03244347733916898, 0.004009718778304513, 0.2745099518056915, 0.42552067783673897, 0.18894049465415746, 0.196916721737188, 0.162280332881661, 0.15482546594418684, 0.1289002138428545, -49.01960784313726, 0.2879956244246169, 0.39263288987584305, 0.07860584904424443, 0.15276307750859627, 0.14948947931875978, 0.04583310915654037, 0.14092794210407258, -49.01960784313726, -49.01960784313726, 0.16221511510328826, 0.1696374114531268, 0.008249749028665328, -49.01960784313726, 0.20206991896080506, 0.48162819811782853, 0.26459123149000746, 0.3189621757743737, -49.01960784313726, -49.01960784313726, 0.27878116321652324, 0.07750682823300327, 0.5842384195526402, 0.1952172891550411, 0.0, 0.22935948652055618, 0.18465709053869134, 0.1303090951419442, 0.27118252522253744, -49.01960784313726, 0.4331097460477899, 0.4075890733418887, 0.061655386403747535, 0.3136800546779192, 0.11281407552029118, 0.17356655557272213, 0.23252116972072664, 0.18503737361358105, 0.2508406293296002, 0.30236527806123936, 0.37857079749127465, 0.35416672585558845},{0.06789391993609052, 0.1293761553796844, 0.08517190269869815, 0.1649247765207779, 0.17389176925023062, 0.23967060359750533, 0.13213562709339294, 0.02416545418092497, 0.23145531040813214, 0.23353756901372447, 0.3161475480155744, 0.12482375503067303, -49.01960784313726, 0.12308409888035553, -49.01960784313726, 0.03530649634174113, 0.16913937181019917, 0.1566225566097104, 0.16971173950712679, 0.16807679557326236, 0.01410325840664225, 0.23649512296321246, 0.09350241452602026, -49.01960784313726, 0.24903459761737204, 0.0519380554328215, 0.20770210707872405, 0.10982896760716973, 0.21149393662918214, 0.24908585398648073, 0.2436727692325678, 0.12666241008066584, 0.13538601185619414, 0.22935948652055618, 0.0, 0.3417969835237427, -49.01960784313726, 0.09105722480550976, 0.02164717906463151, 0.2670632596609986, 0.15786353836999492, -49.01960784313726, 0.1855012825673234, 0.2970928587701044, 0.2824569793188932, 0.14579719810035657, 0.10336580042167658, 0.25898814538405285, 0.31615153306626137, 0.016038577047759465, 0.2978409865259766},{0.1800796972529966, 0.13003643275569077, 0.04233071012502117, 0.1297829112490143, 0.19581683829328325, 0.1687761701088462, 0.3218199049022923, 0.041967792673691974, 0.4084668924798412, 0.18430121271077565, 0.35852954429483885, 0.30193239738933497, -49.01960784313726, 0.363718327514762, 0.09523531546599893, 0.04021958941919268, 0.16546314252533068, 0.12568274960065304, 0.0693910617770042, 0.09799510662526326, 0.23328341250747128, 0.3879721947440357, 0.08883638694139885, 0.11204049222483534, 0.366166756191783, 0.3278739942446665, 0.2887850483795953, 0.03279122094076427, 0.12233483115502304, 0.4075638484806283, 0.22860751434369977, 0.17463779966061382, 0.41234432571946783, 0.18465709053869134, 0.3417969835237427, 0.0, 0.13139286891563176, 0.29158388857927725, 0.14908854556375747, 0.1592597309845197, 0.0780041624665386, 0.19880701978192988, 0.34164025332198467, 0.27048652602954104, 0.24525701092059812, 0.4173245037796197, 0.17757477494866533, 0.3236928419945718, 0.4379453336607157, 0.07281645496311193, 0.38365557876128487},{0.3440228908126646, 0.03472814440610907, 0.2701495790027268, 0.13592140223206034, -49.01960784313726, 7.616896847541678E-4, 0.19937667943306747, 0.06466003586461207, 0.23388472717559158, -49.01960784313726, 0.1410251447423273, 0.2551415746909157, 0.03214398827697959, 0.16468295558592028, 0.027982048693424168, 0.09458965975961812, 0.009540495920571518, -49.01960784313726, -49.01960784313726, 0.16475621462752074, 0.1655688500565686, 0.01588989333550727, -49.01960784313726, 0.10555400908275209, 0.25976260556296493, 0.3110757557681172, 0.1286867654955129, -49.01960784313726, -49.01960784313726, 0.08714124453123125, -49.01960784313726, 0.18387093881445538, 0.35297295226917, 0.1303090951419442, -49.01960784313726, 0.13139286891563176, 0.0, 0.27051433622111376, 0.013475018167270246, 0.09274302886840048, 0.08489612515344801, 0.2204583546853264, 0.10553198117460234, 0.15088809743855325, 0.1904284732263211, 0.27531666658867626, 0.23788669431451115, 0.16908720500048807, 0.14731145343001334, 0.04318507359658351, 0.1928613403815743},{0.17821946866668562, -49.01960784313726, 0.2979679208394961, 0.30290017956268617, 0.18264054229380078, 0.05055609950742783, 0.2342773950875257, 0.17045654712417685, 0.22598569611746436, 0.010846534891119052, 0.2630773892877299, 0.39671534082952226, 0.24052993245652393, 0.39434376219750367, 0.1653616502117323, -49.01960784313726, 0.15558780648725584, -49.01960784313726, 0.03361546838199267, 0.004519258006537532, 0.3138418486933647, 0.07738080786794137, -49.01960784313726, 0.15701753965017848, 0.31713585122088833, 0.43716559794062865, 0.15593019115332432, 0.028875198458367838, 0.02519243781399562, 0.3420859592474936, 0.18615339533069888, 0.34179326802964577, 0.3599967793103177, 0.27118252522253744, 0.09105722480550976, 0.29158388857927725, 0.27051433622111376, 0.0, -49.01960784313726, 0.24456279447025578, 0.19662867543770962, 0.33822056814905804, 0.2830549956090086, 0.2809507604152994, 0.07391278441925349, 0.4848297052973885, 0.2477544182941822, 0.26481683619220037, 0.2573508431317207, 0.21389492462087403, 0.4018417076568941},{-49.01960784313726, 0.23816642698560253, -49.01960784313726, -49.01960784313726, 0.08303753362639801, 0.08869926427755383, 0.05775444771848375, 0.05614356583399418, 0.3467266468289938, 0.30593398957729473, 0.10459614933543807, 0.05186963636302267, 0.05970124748662748, 0.022568380265877222, 0.08406413848239945, 0.14422019167823374, -49.01960784313726, 0.2958408081515072, 0.4182389572391154, -49.01960784313726, 0.04294856605490123, 0.22357485662666285, 0.39830574882432673, 0.1506084499770106, 0.09839845500460116, 0.04067838118095856, 0.143366165481