{0.0, 0.15052662443013032, 0.02381014999536392, 0.08422901109712488, 0.08978349130086832, 0.19052537114402035, 0.10512454822088059, 0.18919286048107786, 0.04176104646191216, -2.9368191721132897, 0.13938488109235345, 0.11869267502195638, 0.17092082777539666, 0.10774643600831738, 0.16997296465493933, 0.35418237024885, 0.2211215209286483, 0.242957185179651, 0.038300711573797, 0.008312052816499155, 0.015648067972637857, 0.16882589871962114, 0.1382012465920447, 0.17986486189299497, 0.009646326998302559, 0.07986390830469861, 0.09162031959335933, 0.1540567440957708, 0.09271457430762547, 0.019907903881400065, 0.03244347733916898, 0.3440228908126646, 0.17821946866668562, 0.019599346535253744, 0.010884236127965546, 0.04526089476961752, 0.3288530481689959, 0.17929322443708165, 0.11084579659546948, 0.16451923172564925, 0.07471124303377985, 0.27995677598898333, 0.016148831603582704, 0.11977025212226013, 0.0550043231754538, 0.16829502368144572, 0.138374967882995, 0.08009367746589674, -2.9368191721132897, 0.2799232642552642, 0.18239732647346013},{0.15052662443013032, 0.0, 0.18269222386285666, 0.2987533348724133, 0.3050257418574995, 0.15820024200335145, 0.36162009328061484, 0.2537392446283427, 0.18667315596675707, 0.15562745843980272, 0.11869595100311732, 0.12864317434348493, 0.16807535449888733, 0.26518541523202194, 0.23337100867340804, 0.22764201940876228, 0.3057005825982244, 0.16127836244644, 0.16389357768554635, 0.26418527360274047, 0.02383989945465119, 0.13241943345807275, 0.29201604630481925, 0.4216838673996912, 0.1533153595104848, 0.26369231999512127, 0.22481529456673652, 0.05066031733077288, 0.36088255792023033, 0.23587071105652363, 0.10962688669808114, 0.1483206450999315, 0.2951565493797755, 0.1106921171121871, 0.06046102687729595, 0.039400277150788025, 0.1513352610290712, 0.26224400322325997, 0.4007863473046963, 0.3969193186235206, 0.26567648465117705, 0.3152955399945561, 0.2786065038238739, 0.18339947842875715, 0.3377979253456227, 0.4321016384770501, 0.31287776447924787, 0.08958055899316757, 0.13729204344932694, 0.130443178494143, 0.2165799773459114},{0.02381014999536392, 0.18269222386285666, 0.0, 0.27649190445649663, 0.2763899186187101, 0.3321249843582278, 0.19416934501467312, 0.1913298660529193, -2.9368191721132897, -0.0068879028556774885, 0.1690571499543976, 0.20468933243535978, 0.26661494580037554, 0.24258501765858204, 0.3015553330963951, 0.19007691381346248, 0.0612609469700035, 0.18377025256599655, 0.1179253381674098, 0.21084991903345573, 6.085084339840889E-4, 0.07757084417246912, 0.3068643636621059, 0.1865643042467738, 0.29116633853006246, 0.15729215348395537, 0.18505469753288795, -2.9368191721132897, 0.21564297948095937, 0.0731278901976213, 0.2937663086633561, 0.012944679053920794, 0.11565731911770667, 0.16678544732625838, 0.28758360004870204, 0.15790908626868239, 0.2206859580073667, 0.12206096770045542, 0.17367366128947737, 0.24279679779122157, 0.019719845823286997, 0.1695638468528346, 0.18845985400169285, 0.2450306425189046, 0.21499809086065122, 0.28125347023570435, 0.31092168964843786, 0.12991905318996758, 0.24089305173965536, 0.15423996721225994, 0.20417625716064847},{0.08422901109712488, 0.2987533348724133, 0.27649190445649663, 0.0, 0.3419619223331657, 0.3363045568834636, 0.1871942248770937, 0.22735970958668197, -2.9368191721132897, 0.03649918823081458, 0.3120820854274334, 0.23491511946375346, 0.1269533187491645, 0.24135087470414035, 0.3242667384608331, 0.24289506096651486, 0.285242411797681, 0.22568696514606332, 0.02228422758669058, 0.2511258710408442, 0.100626264207779, 0.23288088630423112, 0.13468248715992712, 0.2185605376397251, 0.4880427187122103, 0.011029169964309481, 0.18310557711923714, -2.9368191721132897, 0.21306379188158064, 0.258066979773574, 0.29031653431888815, 0.20722806882866746, 0.298447298117811, 0.33055910984891407, 0.3110831727527546, 0.3932703090997164, 0.17752283384012177, 0.15208099063922179, 0.23541387211279166, 0.13266467192691353, 0.24116126516123454, 0.22637646099596404, 0.22040478998433596, 0.29505754349320495, 0.20785806748558033, 0.40000751148616703, 0.33995102130420407, 0.4124864513510208, 0.22745138045517252, 0.18356353755753793, 0.3493757914315168},{0.08978349130086832, 0.3050257418574995, 0.2763899186187101, 0.3419619223331657, 0.0, 0.17203519080738888, 0.2425408740409761, 0.39332319611384603, 0.09301888071997057, 0.10249882889582389, 0.1640236658582949, 0.19980271144473818, 0.16619380616945856, 0.11782952460267654, 0.21629217925256408, 0.19818828790348753, 0.25105665229602614, 0.23965759774613515, 0.12441047835141715, 0.09757313782097564, -2.9368191721132897, 0.22290280696827242, 0.337329424873356, 0.3844402159648228, 0.38408362640546595, 0.04898798135809638, 0.2041565198479007, 0.17018224354701514, 0.37756126807449425, 0.15838993710411423, 0.2040378966769598, 0.09112241362875649, 0.20731405735706887, 0.20304314629169085, 0.20908082844932954, 0.137797163908951, 0.14511290597836599, 0.09891022817656028, 0.32056392391700644, 0.2823800484448118, 0.19859903390459335, 0.3324672888120894, 0.39832349795276284, 0.1529241077516163, 0.2458276195149186, 0.40428848617662866, 0.42022730897331234, 0.20998542357347272, 0.1965749886979672, 0.031505609367924084, 0.22252309365602957},{0.19052537114402035, 0.15820024200335145, 0.3321249843582278, 0.3363045568834636, 0.17203519080738888, 0.0, 0.09101101509211923, 0.13377511003364384, -2.9368191721132897, -2.9368191721132897, 0.2823508238264404, 0.06665088648908969, 0.28211934849891096, 0.3363483074561953, 0.4097621319735798, 0.3299897794755396, 0.14232103208117258, 0.24485315540505895, 0.023468540797829087, 0.24305117427657968, 0.1527069717814427, 0.12372395433030907, 0.20010246744951324, 0.18785484702761454, 0.3321163385023732, -2.9368191721132897, 0.05935546924598346, -2.9368191721132897, 0.011768808619054561, 0.21232639284258414, 0.5176832978990515, 0.1030315753897379, 0.28486454317883075, 0.2732014091158334, 0.3616632680983752, 0.36754975331990003, 0.31558518380941547, 0.15189902502865385, -2.9368191721132897, 0.17518627761208774, 0.10180041662234203, 0.1727730050449945, 0.12042116863845757, 0.4230462918971758, 0.14830435979026493, 0.204506150471204, 0.24193563732564077, 0.32966231629660575, 0.12218675067938484, 0.28467477997241974, 0.29888676674081377},{0.10512454822088059, 0.36162009328061484, 0.19416934501467312, 0.1871942248770937, 0.2425408740409761, 0.09101101509211923, 0.0, 0.22518317353693187, 0.1071182777509971, 0.1010747268957364, 0.09176375303596615, 0.1761649931689732, 0.2772515288230817, 0.20820697099641625, 0.2579024786743853, 0.12843996978801542, 0.23955397871951445, 0.13229171704878342, 0.21115956413834627, 0.20395416236464617, 0.03452861907007962, 0.07859090666175543, 0.28722381273136616, 0.34720765336980713, 0.22885630836153031, 0.2998339375471423, 0.1189336330471274, -2.9368191721132897, 0.4037438586899002, 0.31256323825373733, 0.162280332881661, 0.19757256157287606, 0.2342773950875257, 0.014042282760225526, 0.09158826782923825, 0.03187611420195241, 0.0721270044486187, 0.4413031480610625, 0.2568935185583496, 0.36233109026634513, 0.35080052255777266, 0.2561856026567958, 0.25754413383883534, 0.12713844418993567, 0.21452591679943167, 0.2914165761893893, 0.29390999047675875, 0.06341387512964028, 0.21084790905621745, 0.08869006817604812, 0.3057295081216135},{0.18919286048107786, 0.2537392446283427, 0.1913298660529193, 0.22735970958668197, 0.39332319611384603, 0.13377511003364384, 0.22518317353693187, 0.0, 0.1288905665442423, -2.9368191721132897, 0.034208907140925976, 0.298610748179532, 0.37878600223443704, 0.301529347541199, 0.3589662596042019, 0.3615276750346442, 0.2772186781451054, 0.3352027836289286, 0.13736165273105588, 0.09864397866469729, -2.9368191721132897, 0.0923529618972192, 0.39646852764877594, 0.29900281140723767, 0.23577597699220432, 0.15730368915131104, 0.21822417968914717, 0.2626167204844196, 0.33976591064567224, 0.11665027418620795, 0.2613183290583867, 0.16126634713301571, 0.25750115287332687, 0.11471511539248319, 0.25729530361490893, 0.062371437683702034, 0.34636646787514075, 0.1161389295895562, 0.38289810735804286, 0.32739467280629736, 0.14492959341781092, 0.47451327100904644, 0.3249447967454279, 0.09998881944401049, 0.08657799190003683, 0.3930565428936224, 0.3706481613709451, 0.16093841717244536, 0.15828016430603414, 0.136483196182641, 0.22069601395199176},{0.04176104646191216, 0.18667315596675707, -2.9368191721132897, -2.9368191721132897, 0.09301888071997057, -2.9368191721132897, 0.1071182777509971, 0.1288905665442423, 0.0, 0.2506736703961606, -2.9368191721132897, 0.18081226824679106, 0.007115483681865124, -2.9368191721132897, -2.9368191721132897, 0.025700865611023044, 0.21521684395993454, -2.9368191721132897, 0.1665004416075502, -2.9368191721132897, 0.20353294193077698, -2.9368191721132897, 0.21018836401237004, 0.24771823178419985, -2.9368191721132897, 0.15071885805417615, 0.12585841087154687, 0.16025420349348907, -2.9368191721132897, 0.247565835317987, -2.9368191721132897, 0.0897261446332435, 0.1883984906286461, -2.9368191721132897, -2.9368191721132897, -2.9368191721132897, 0.06476585295179343, 0.10457477548550805, 0.2284392043972278, 0.2585521544700361, 0.20989581384731748, 0.1828550934716092, 0.18897287185216832, 0.07871026868257457, 0.226764977149856, 0.14279563233035683, 0.008349720960132229, -2.9368191721132897, 0.15034947801599513, -2.9368191721132897, -2.9368191721132897},{-2.9368191721132897, 0.15562745843980272, -0.0068879028556774885, 0.03649918823081458, 0.10249882889582389, -2.9368191721132897, 0.1010747268957364, -2.9368191721132897, 0.2506736703961606, 0.0, 0.20285258292958333, -2.9368191721132897, -2.9368191721132897, -2.9368191721132897, -2.9368191721132897, -2.9368191721132897, 0.0726681674546149, -2.9368191721132897, 0.18261796341385705, -2.9368191721132897, 0.3162434427173862, -2.9368191721132897, -2.9368191721132897, 0.12498671392780561, -2.9368191721132897, 0.11089696613919053, 0.08290253767081653, 0.042700577384384965, 0.02082512413894993, 0.2228202173499372, -2.9368191721132897, -2.9368191721132897, 0.08143782712674874, 0.09903533679861075, -2.9368191721132897, 0.01639865929390728, -2.9368191721132897, 0.0657173800860402, 0.037687825296513655, 0.09823320621677052, 0.17930776218708544, -2.9368191721132897, 0.251073536008161, 0.10015375926124799, 0.28039424410878316, -2.9368191721132897, 0.053466636534508616, -2.9368191721132897, 0.027079697465138226, -2.9368191721132897, -2.9368191721132897},{0.13938488109235345, 0.11869595100311732, 0.1690571499543976, 0.3120820854274334, 0.1640236658582949, 0.2823508238264404, 0.09176375303596615, 0.034208907140925976, -2.9368191721132897, 0.20285258292958333, 0.0, 0.07943996488676164, 0.02632461656426396, 0.016213016601968767, 0.18154028772405004, 0.07271496887714192, 0.1355045114679863, 0.06699945726176995, 0.17234689797145106, 0.06967568222686675, 0.2331401988120823, 0.08844273410142314, 0.05176423474089505, 0.11360986634869544, 0.2350724079028662, -2.9368191721132897, 0.13828028597014985, -2.9368191721132897, -2.9368191721132897, 0.08261266762863449, 0.2109667121970492, 5.983586420277767E-4, 0.22904348812804082, 0.32402582706674915, 0.1954646111919885, 0.19247811556575337, 0.04613890149043628, 0.19071708186190442, 0.02179838914088678, 0.049291499579921634, 0.20715714024447293, 0.11048123091165604, 0.1528666797847506, 0.3075287934297406, 0.10394871035050593, 0.14871824064713474, 0.17025135712706185, 0.14097700067029006, 0.2625756538505496, 0.0967555947272637, 0.11444137607201577},{0.11869267502195638, 0.12864317434348493, 0.20468933243535978, 0.23491511946375346, 0.19980271144473818, 0.06665088648908969, 0.1761649931689732, 0.298610748179532, 0.18081226824679106, -2.9368191721132897, 0.07943996488676164, 0.0, 0.1462430733946467, 0.15085378037641695, 0.3598477890766243, 0.2084707443103658, 0.17551470270546699, 0.0852104399260688, 0.16014487625412271, 0.06826110978138335, 0.17662369232697006, -2.9368191721132897, 0.3612600930785578, 0.19711104870398974, 0.23017731869748123, 0.15179291407622544, 0.18908534713011035, 0.10234905044637656, 0.14413095580414964, 0.0867585793419697, 0.18836045632730847, 0.1630637656832869, 0.27555281476955473, 0.01627394282940276, 0.2584920381455198, 0.18289320660908473, 0.26311579437479565, 0.08136283914152892, 0.2406601202342086, 0.24804955592205097, 0.16373258506545663, 0.3005068623490826, 0.12321618794874202, 0.09489276236546024, 0.02808242342846435, 0.34080811475332634, 0.24973842460298304, 0.18256304824460576, 0.2616097873016808, 0.1620507901615805, 0.07436744433788839},{0.17092082777539666, 0.16807535449888733, 0.26661494580037554, 0.1269533187491645, 0.16619380616945856, 0.28211934849891096, 0.2772515288230817, 0.37878600223443704, 0.007115483681865124, -2.9368191721132897, 0.02632461656426396, 0.1462430733946467, 0.0, 0.36467029294869857, 0.40754148848650973, 0.41392380221544, 0.15943607421036282, 0.36212975037876266, 0.18031802792160406, 0.1993408623556889, 0.104240531452419, -2.9368191721132897, 0.3019926892788605, 0.19166412990668907, 0.17751372681728395, 0.12256030379378909, 0.06297321350903806, 0.14759199525125377, 0.23942977808483448, 0.17571680304310236, 0.38507168982473594, 0.1463812139129136, 0.19068783450985669, 0.011295436887138324, 0.28086841917639205, 0.04801759710944984, 0.45372198172704414, 0.19943856313646294, 0.12638978580703072, 0.2975222067012228, 0.09093774302078614, 0.2784521103908199, 0.24415953085018813, 0.1619217579351008, 0.10634580741060928, 0.19713699310656072, 0.2590550288885728, 0.1541809260304287, 0.16660742922912458, 0.13366097442082514, 0.3018612924403006},{0.10774643600831738, 0.26518541523202194, 0.24258501765858204, 0.24135087470414035, 0.11782952460267654, 0.3363483074561953, 0.20820697099641625, 0.301529347541199, -2.9368191721132897, -2.9368191721132897, 0.016213016601968767, 0.15085378037641695, 0.36467029294869857, 0.0, 0.3922200857220141, 0.3180159610024429, 0.27056344157712264, 0.35327150330293366, -2.9368191721132897, 0.3224394641073108, 0.0023969041658790935, 0.24243081142099182, 0.32818116330655006, 0.2790137049987373, 0.2505561900711159, 0.08086482569604805, 0.08917723297270899, 0.021751060589697835, 0.26298249953110653, 0.14521757420223297, 0.4202383002715319, 0.14842160830859136, 0.27815068088872086, 0.2026270308638546, 0.34708735758874854, 0.15088118614059873, 0.32124277401057066, 0.15959070510934545, 0.28475175066779695, 0.256360562917079, 0.12424095308415575, 0.35495574157315196, 0.15315659192428763, 0.2304860293868288, 0.023972280872972568, 0.35265219175875157, 0.2663036538703289, 0.251362878968195, 0.22710073701058622, 0.21129953762858897, 0.2922644532718487},{0.16997296465493933, 0.23337100867340804, 0.3015553330963951, 0.3242667384608331, 0.21629217925256408, 0.4097621319735798, 0.2579024786743853, 0.3589662596042019, -2.9368191721132897, -2.9368191721132897, 0.18154028772405004, 0.3598477890766243, 0.40754148848650973, 0.3922200857220141, 0.0, 0.4214912861472842, 0.2246543271904575, 0.3289469684310448, 0.07837222605789712, 0.24824014995584398, 0.17042278527276625, 0.016911617787936643, 0.4140533762739735, 0.3112311148193866, 0.34412925405803046, 0.00505457836952876, 0.03403719265511152, -2.9368191721132897, 0.1670759795273697, 0.16836668868313193, 0.4905180612694979, 0.19266001732836519, 0.3568435733099962, 0.14493603153867535, 0.4196332643861001, 0.2694409118433615, 0.4163049333540444, 0.22323956844611637, 0.21335118951178453, 0.3271050924712311, 0.1949227987892347, 0.3037216619946262, 0.18052462965775115, 0.25057496067178575, 0.07264821625475973, 0.369727599527479, 0.3082618569596418, 0.3080782916299234, 0.26559085298542656, 0.18359285418953716, 0.28282172372480546},{0.35418237024885, 0.22764201940876228, 0.19007691381346248, 0.24289506096651486, 0.19818828790348753, 0.3299897794755396, 0.12843996978801542, 0.3615276750346442, 0.025700865611023044, -2.9368191721132897, 0.07271496887714192, 0.2084707443103658, 0.41392380221544, 0.3180159610024429, 0.4214912861472842, 0.0, 0.24985737702666186, 0.4854745502987937, 0.06841950916211054, 0.20346948217090502, 0.12924144427694234, 0.14760961929299973, 0.2780281265317518, 0.25237772650900014, 0.1981885112829892, 0.03820244669952826, 0.1505592533788858, 0.1313459586482848, 0.16797163298170245, 0.11676147215941243, 0.34012697758667204, 0.3101149942521845, 0.2479130205236417, 0.010316188365820388, 0.29363142429548605, 0.19430765171714962, 0.57945065005258, 0.09308617459392315, 0.1927424415976084, 0.30192366999593356, 0.08887287189117613, 0.33565747176759014, 0.12934328483770363, 0.17640214278667465, 0.13357228768634738, 0.3492646390532, 0.27516899020867713, 0.29668784275885407, 0.11569590794793601, 0.1987473456558456, 0.31577960814660155},{0.2211215209286483, 0.3057005825982244, 0.0612609469700035, 0.285242411797681, 0.25105665229602614, 0.14232103208117258, 0.23955397871951445, 0.2772186781451054, 0.21521684395993454, 0.0726681674546149, 0.1355045114679863, 0.17551470270546699, 0.15943607421036282, 0.27056344157712264, 0.2246543271904575, 0.24985737702666186, 0.0, 0.22409094936754204, 0.04326770785392143, 0.20695414678583934, 0.05729186824555613, 0.23793687658603346, 0.3211200557245219, 0.3413304544697291, 0.1609106081090399, 0.006240577347483215, 0.10950932414749004, 0.11320395085309796, 0.10182691480920435, 0.28943351049460114, 0.15882966366725357, 0.30325540987448957, 0.35423734699930964, 0.10131504690922809, 0.21465560043667778, 0.27363844562202855, 0.15596832077401063, 0.2502446044349575, 0.25019757098843265, 0.25468874500478494, 0.32074678162146864, 0.36899055480174264, 0.36123273360080776, 0.26448493580867544, 0.22983194063674803, 0.28857246789749225, 0.1556519687648043, 0.2886034052835506, 0.1641884716750392, 0.05965442819085044, 0.18268452340941502},{0.242957185179651, 0.16127836244644, 0.18377025256599655, 0.22568696514606332, 0.23965759774613515, 0.24485315540505895, 0.13229171704878342, 0.3352027836289286, -2.9368191721132897, -2.9368191721132897, 0.06699945726176995, 0.0852104399260688, 0.36212975037876266, 0.35327150330293366, 0.3289469684310448, 0.4854745502987937, 0.22409094936754204, 0.0, 0.01882051763750993, 0.24310418645844492, -2.9368191721132897, 0.28806702767747816, 0.2148203152705478, 0.21463134781490803, 0.23247167916943182, -2.9368191721132897, 0.11002154711940364, 0.08018231004216203, 0.2206671235487464, 0.028603294219165534, 0.3231303016898846, 0.24004236259691053, 0.07566910665891631, 0.06044680343342389, 0.28415793417314056, 0.13388374907815653, 0.40875250434639965, 0.14607185175459314, 0.17642624488688918, 0.19906092810094367, 0.01316020744136922, 0.23243090747078154, 0.10913322754903872, 0.07431196766663319, 0.05741545388311079, 0.26639899331249817, 0.2582079694125946, 0.2842959280123218, 0.1732620242425038, 0.12145754979946828, 0.38094764411998855},{0.038300711573797, 0.16389357768554635, 0.1179253381674098, 0.02228422758669058, 0.12441047835141715, 0.023468540797829087, 0.21115956413834627, 0.13736165273105588, 0.1665004416075502, 0.18261796341385705, 0.17234689797145106, 0.16014487625412271, 0.18031802792160406, -2.9368191721132897, 0.07837222605789712, 0.06841950916211054, 0.04326770785392143, 0.01882051763750993, 0.0, -2.9368191721132897, 0.16320161457181387, -2.9368191721132897, 0.1490650909828586, 0.0627019631458324, 0.008948700941665125, 0.2049202937400239, 0.26021245333172155, 0.09707418916025476, 0.16639225284012532, 0.003667456667712424, 0.010262598986525177, -2.9368191721132897, 0.03116398921471836, -2.9368191721132897, 0.06227383217131861, -2.9368191721132897, 0.12686385410290457, 0.149689604961453, 0.12897644175234052, 0.292327062583965, 0.13459195549343028, 0.10241088484284518, 0.15918965677098004, 0.09384542010175947, 0.19639684252247436, 0.13380209744597993, 0.17767257784411317, -2.9368191721132897, 0.18159430655081635, 0.020348174577394258, 0.05269525690133976},{0.008312052816499155, 0.26418527360274047, 0.21084991903345573, 0.2511258710408442, 0.09757313782097564, 0.24305117427657968, 0.20395416236464617, 0.09864397866469729, -2.9368191721132897, -2.9368191721132897, 0.06967568222686675, 0.06826110978138335, 0.1993408623556889, 0.3224394641073108, 0.24824014995584398, 0.20346948217090502, 0.20695414678583934, 0.24310418645844492, -2.9368191721132897, 0.0, 0.024164714985933006, 0.12840649201991403, 0.19016109596572267, 0.1858228208519646, 0.20409808055775386, 0.06099693987468433, 0.011288346899769292, -2.9368191721132897, 0.23282540276050276, 0.20490788860708536, 0.30103454473345287, 0.14745546671787851, 0.12434864791859246, 0.158607178550164, 0.2141642015237694, 0.24790235316033274, 0.12305027853935024, 0.13415559702372234, 0.14191116411025403, 0.20666299545559208, 0.09333890849805254, 0.10777779536686846, 0.10126030318631153, 0.14704182633151403, 0.17988704998758218, 0.2007013734503748, 0.20708288057657848, 0.2655167778476619, 0.07712792616357249, 0.11753040013612427, 0.38383003911285535},{0.015648067972637857, 0.02383989945465119, 6.085084339840889E-4, 0.100626264207779, -2.9368191721132897, 0.1527069717814427, 0.03452861907007962, -2.9368191721132897, 0.20353294193077698, 0.3162434427173862, 0.2331401988120823, 0.17662369232697006, 0.104240531452419, 0.0023969041658790935, 0.17042278527276625, 0.12924144427694234, 0.05729186824555613, -2.9368191721132897, 0.16320161457181387, 0.024164714985933006, 0.0, -2.9368191721132897, 0.05564186109515558, 0.03674170903993136, 0.030340292531644983, 0.012874514772488126, 0.05427221293926551, -2.9368191721132897, -2.9368191721132897, 0.18916247408552833, 0.1250580611983955, 0.015557533496325545, 0.19984187502621803, -2.9368191721132897, 0.08225754073631084, 0.1808813086847005, 0.16679912162692934, 0.09076856048753748, -2.9368191721132897, 0.12094032388207822, 0.1784540164981528, 0.04581764510759238, 0.06864145521088447, 0.21107695221747313, 0.08601695508170584, 0.028384084387147814, -0.003088682729363904, 0.12179031972472398, 0.10034231589462618, 0.04868749936991603, -2.9368191721132897},{0.16882589871962114, 0.13241943345807275, 0.07757084417246912, 0.23288088630423112, 0.22290280696827242, 0.12372395433030907, 0.07859090666175543, 0.0923529618972192, -2.9368191721132897, -2.9368191721132897, 0.08844273410142314, -2.9368191721132897, -2.9368191721132897, 0.24243081142099182, 0.016911617787936643, 0.14760961929299973, 0.23793687658603346, 0.28806702767747816, -2.9368191721132897, 0.12840649201991403, -2.9368191721132897, 0.0, 0.0553738636999776, 0.1009822139157341, 0.23230620865867113, -2.9368191721132897, 0.11641756198767496, 0.08966570420213882, 0.15076229269765734, 0.09844330013197222, 0.04256713039191045, 0.2511317258955633, 0.06572736760972246, 0.20481816173826733, 0.12973126813663863, 0.21157300202473317, 0.046168357153316464, 0.07287330431346878, 0.14064128828646907, 0.02201357305616671, 0.11900249073682216, 0.21812889537473368, 0.12303600565396974, 0.05552806948914384, 0.08459897218541311, 0.14126818522302162, 0.10733549612267183, 0.251407774219528, 0.09265700021099765, 0.09163173723073731, 0.21992521261667777},{0.1382012465920447, 0.29201604630481925, 0.3068643636621059, 0.13468248715992712, 0.337329424873356, 0.20010246744951324, 0.28722381273136616, 0.39646852764877594, 0.21018836401237004, -2.9368191721132897, 0.05176423474089505, 0.3612600930785578, 0.3019926892788605, 0.32818116330655006, 0.4140533762739735, 0.2780281265317518, 0.3211200557245219, 0.2148203152705478, 0.1490650909828586, 0.19016109596572267, 0.05564186109515558, 0.0553738636999776, 0.0, 0.4709191308669977, 0.15794193056950348, 0.10427276031182667, 0.06386888913244528, 0.08249777059456515, 0.23022311733181314, 0.12585508619964983, 0.28445988496348523, 0.09746902139330023, 0.3420859592474936, 0.016546537741549402, 0.22920592420846217, 0.14090405706193587, 0.28272050214455613, 0.2403196199586215, 0.3054101038837493, 0.4881713921212439, 0.1714838641133503, 0.3681857570330475, 0.3161521548335557, 0.21678435935325535, 0.16544221652540936, 0.3925741406008459, 0.27876358842786525, 0.11746633785923406, 0.25835231302745365, 0.035644870482026705, 0.13048341887412987},{0.17986486189299497, 0.4216838673996912, 0.1865643042467738, 0.2185605376397251, 0.3844402159648228, 0.18785484702761454, 0.34720765336980713, 0.29900281140723767, 0.24771823178419985, 0.12498671392780561, 0.11360986634869544, 0.19711104870398974, 0.19166412990668907, 0.2790137049987373, 0.3112311148193866, 0.25237772650900014, 0.3413304544697291, 0.21463134781490803, 0.0627019631458324, 0.1858228208519646, 0.03674170903993136, 0.1009822139157341, 0.4709191308669977, 0.0, 0.12773454153804145, 0.08477153743940248, 0.03201607685282563, 0.103445152983394, 0.27576001723338894, 0.2720764880788942, 0.2014509470647844, 0.15273083466789153, 0.3528131668509039, 0.07083193098631065, 0.07315828679335502, 0.14333612650548685, 0.21366272304978773, 0.309345090620873, 0.3481823346894655, 0.5040288188120717, 0.31386678006529245, 0.31638757428415926, 0.3719427926142132, 0.24998806568415127, 0.30056482203107704, 0.44933483303403976, 0.26245794234665304, 0.17655493265248667, 0.22464114482954864, 0.07256104263069513, 0.12526232963892103},{0.009646326998302559, 0.1533153595104848, 0.29116633853006246, 0.4880427187122103, 0.38408362640546595, 0.3321163385023732, 0.22885630836153031, 0.23577597699220432, -2.9368191721132897, -2.9368191721132897, 0.2350724079028662, 0.23017731869748123, 0.17751372681728395, 0.2505561900711159, 0.34412925405803046, 0.1981885112829892, 0.1609106081090399, 0.23247167916943182, 0.008948700941665125, 0.20409808055775386, 0.030340292531644983, 0.23230620865867113, 0.15794193056950348, 0.12773454153804145, 0.0, -2.9368191721132897, 0.1353275271360865, -2.9368191721132897, 0.2838750543990457, 0.23571361334377736, 0.38982941923905057, 0.1903835347571469, 0.17789709739674864, 0.2745470496334471, 0.3377328745562142, 0.34681073215231617, 0.1448964673322444, 0.1010957353511913, 0.1780239648504735, 0.12153776450166509, 0.2738977235102442, 0.21795882395428318, 0.17483280671128346, 0.19623001341279547, 0.10035807315167146, 0.30348247779671317, 0.34639373360510284, 0.38275312381565374, 0.26372428401129655, 0.18650465875814998, 0.38050968784401473},{0.07986390830469861, 0.26369231999512127, 0.15729215348395537, 0.011029169964309481, 0.04898798135809638, -2.9368191721132897, 0.2998339375471423, 0.15730368915131104, 0.15071885805417615, 0.11089696613919053, -2.9368191721132897, 0.15179291407622544, 0.12256030379378909, 0.08086482569604805, 0.00505457836952876, 0.03820244669952826, 0.006240577347483215, -2.9368191721132897, 0.2049202937400239, 0.06099693987468433, 0.012874514772488126, -2.9368191721132897, 0.10427276031182667, 0.08477153743940248, -2.9368191721132897, 0.0, 0.35589686109226115, 0.039451263185135435, 0.3183506239883317, 0.07230207409793095, -2.9368191721132897, 0.09774534705888009, 0.053226923072791824, -2.9368191721132897, -2.9368191721132897, -2.9368191721132897, 0.10072011150535588, 0.16624670957520607, 0.3343400269919934, 0.19784228175799798, 0.048850013772301595, 0.21411885306075285, 0.07620195567881258, -2.9368191721132897, 0.16177721156638747, 0.21837580633094314, 0.22929413077595467, -2.9368191721132897, -2.9368191721132897, 0.2558888586851895, 0.02504495611242097},{0.09162031959335933, 0.22481529456673652, 0.18505469753288795, 0.18310557711923714, 0.2041565198479007, 0.05935546924598346, 0.1189336330471274, 0.21822417968914717, 0.12585841087154687, 0.08290253767081653, 0.13828028597014985, 0.18908534713011035, 0.06297321350903806, 0.08917723297270899, 0.03403719265511152, 0.1505592533788858, 0.10950932414749004, 0.11002154711940364, 0.26021245333172155, 0.011288346899769292, 0.05427221293926551, 0.11641756198767496, 0.06386888913244528, 0.03201607685282563, 0.1353275271360865, 0.35589686109226115, 0.0, -2.9368191721132897, 0.17940913848508028, 0.009019286435424566, -2.9368191721132897, 0.016389440295666195, -0.0016933985078795308, 0.07364638140948211, 0.04740966401223234, -2.9368191721132897, 0.1644141276858985, 0.023114630135905406, 0.2983427612599026, 0.14843073015513975, 0.05238504677285934, 0.24586636272658297, 0.07380226431408861, 0.10471556587115938, 0.23692563752321438, 0.286225629121155, 0.30247736314806045, -2.9368191721132897, 0.06072756803594277, 0.23020810041392561, 0.0901250705262386},{0.1540567440957708, 0.05066031733077288, -2.9368191721132897, -2.9368191721132897, 0.17018224354701514, -2.9368191721132897, -2.9368191721132897, 0.2626167204844196, 0.16025420349348907, 0.042700577384384965, -2.9368191721132897, 0.10234905044637656, 0.14759199525125377, 0.021751060589697835, -2.9368191721132897, 0.1313459586482848, 0.11320395085309796, 0.08018231004216203, 0.09707418916025476, -2.9368191721132897, -2.9368191721132897, 0.08966570420213882, 0.08249777059456515, 0.103445152983394, -2.9368191721132897, 0.039451263185135435, -2.9368191721132897, 0.0, 0.1888502259263194, 0.0568187987511315, -2.9368191721132897, 0.08825299216198303, 0.07805314951447041, 0.031756486004565564, 0.0712239241000431, -2.9368191721132897, 0.13922796818216981, -2.9368191721132897, 0.10883991983543642, 0.0495782805077642, 0.02323412190226246, 0.22753204056851287, 0.24843529936832454, -2.9368191721132897, -2.9368191721132897, 0.011243397637021809, 0.07274093685282225, 0.049142166667591115, 0.011364147110588379, -2.9368191721132897, -2.9368191721132897},{0.09271457430762547, 0.36088255792023033, 0.21564297948095937, 0.21306379188158064, 0.37756126807449425, 0.011768808619054561, 0.4037438586899002, 0.33976591064567224, -2.9368191721132897, 0.02082512413894993, -2.9368191721132897, 0.14413095580414964, 0.23942977808483448, 0.26298249953110653, 0.1670759795273697, 0.16797163298170245, 0.10182691480920435, 0.2206671235487464, 0.16639225284012532, 0.23282540276050276, -2.9368191721132897, 0.15076229269765734, 0.23022311733181314, 0.27576001723338894, 0.2838750543990457, 0.3183506239883317, 0.17940913848508028, 0.1888502259263194, 0.0, 0.10831326244420678, 0.08055928304850576, 0.15402662856966015, 0.09288651765155831, 0.07948402374800165, 0.03765983968852786, -2.9368191721132897, 0.10718846739728165, 0.13515271934377987, 0.35250702622895164, 0.31488169974674113, 0.16411837233452084, 0.29711842154826223, 0.2629725685071319, -2.9368191721132897, 0.10857400374283085, 0.3569800921832713, 0.4715184115999143, 0.047622414502909376, 0.09824451697518244, 0.1406337302769195, 0.3573135592688778},{0.019907903881400065, 0.23587071105652363, 0.0731278901976213, 0.258066979773574, 0.15838993710411423, 0.21232639284258414, 0.31256323825373733, 0.11665027418620795, 0.247565835317987, 0.2228202173499372, 0.08261266762863449, 0.0867585793419697, 0.17571680304310236, 0.14521757420223297, 0.16836668868313193, 0.11676147215941243, 0.28943351049460114, 0.028603294219165534, 0.003667456667712424, 0.20490788860708536, 0.18916247408552833, 0.09844330013197222, 0.12585508619964983, 0.2720764880788942, 0.23571361334377736, 0.07230207409793095, 0.009019286435424566, 0.0568187987511315, 0.10831326244420678, 0.0, 0.23550579810804712, 0.21104906854578853, 0.31804000640836555, 0.124469917848901, 0.1294865319288651, 0.30544334637489023, 0.07442578037534552, 0.23002929721265056, 0.12065014789931647, 0.2133726795718841, 0.40003225370645723, 0.19119424271914665, 0.3164602239376104, 0.3132859321805212, 0.285560015012582, 0.1560040696871322, 0.14992580156023605, 0.24184529991865117, 0.11881935152972226, 0.08194588014865142, 0.1835744311681697},{0.03244347733916898, 0.10962688669808114, 0.2937663086633561, 0.29031653431888815, 0.2040378966769598, 0.5176832978990515, 0.162280332881661, 0.2613183290583867, -2.9368191721132897, -2.9368191721132897, 0.2109667121970492, 0.18836045632730847, 0.38507168982473594, 0.4202383002715319, 0.4905180612694979, 0.34012697758667204, 0.15882966366725357, 0.3231303016898846, 0.010262598986525177, 0.30103454473345287, 0.1250580611983955, 0.04256713039191045, 0.28445988496348523, 0.2014509470647844, 0.38982941923905057, -2.9368191721132897, -2.9368191721132897, -2.9368191721132897, 0.08055928304850576, 0.23550579810804712, 0.0, 0.1303090951419442, 0.27118252522253744, 0.1880968724294659, 0.49709956975399994, 0.3561917002810163, 0.35212536883895806, 0.14547131985962147, 0.06897662930012845, 0.176886695629762, 0.14803023491234496, 0.23887515716968916, 0.1240421959075941, 0.2875659495160372, 0.04392123508139756, 0.23577954756699002, 0.25108376980944697, 0.4064106483737841, 0.3195020618518972, 0.16396418873241572, 0.2894951907423435},{0.3440228908126646, 0.1483206450999315, 0.012944679053920794, 0.20722806882866746, 0.09112241362875649, 0.1030315753897379, 0.19757256157287606, 0.16126634713301571, 0.0897261446332435, -2.9368191721132897, 5.983586420277767E-4, 0.1630637656832869, 0.1463812139129136, 0.14842160830859136, 0.19266001732836519, 0.3101149942521845, 0.30325540987448957, 0.24004236259691053, -2.9368191721132897, 0.14745546671787851, 0.015557533496325545, 0.2511317258955633, 0.09746902139330023, 0.15273083466789153, 0.1903835347571469, 0.09774534705888009, 0.016389440295666195, 0.08825299216198303, 0.15402662856966015, 0.21104906854578853, 0.1303090951419442, 0.0, 0.27051433622111376, 0.059024446946197795, 0.08009230795951383, 0.25163143642504165, 0.23337540464164472, 0.19110573610364298, 0.09498152140737302, 0.12479436749649359, 0.1826688509401665, 0.26415796272983183, 0.07768657327208091, 0.028943978072099846, 0.0470907417204251, 0.18561103357593567, 0.1655022953014139, 0.297496070061578, 0.05783101126146983, 0.2919651354590343, 0.30540198925501655},{0.17821946866668562, 0.2951565493797755, 0.11565731911770667, 0.298447298117811, 0.20731405735706887, 0.28486454317883075, 0.2342773950875257, 0.25750115287332687, 0.1883984906286461, 0.08143782712674874, 0.22904348812804082, 0.27555281476955473, 0.19068783450985669, 0.27815068088872086, 0.3568435733099962, 0.2479130205236417, 0.35423734699930964, 0.07566910665891631, 0.03116398921471836, 0.12434864791859246, 0.19984187502621803, 0.06572736760972246, 0.3420859592474936, 0.3528131668509039, 0.17789709739674864, 0.053226923072791824, -0.0016933985078795308, 0.07805314951447041, 0.09288651765155831, 0.31804000640836555, 0.27118252522253744, 0.27051433622111376, 0.0, 0.23117840563645373, 0.20744372427404467, 0.2910013140891184, 0.21227390846597988, 0.2332247990286218, 0.20216334992958854, 0.2749838485724319, 0.3582766556843031, 0.35282179433282496, 0.29758790495661025, 0.34530470699368254, 0.14158083119571319, 0.33526718412217354, 0.20765980171163756, 0.21378854249377413, 0.23632730307076882, 0.17791570459900993, 0.13863257287670014},{0.019599346535253744, 0.1106921171121871, 0.16678544732625838, 0.33055910984891407, 0.20304314629169085, 0.2732014091158334, 0.014042282760225526, 0.11471511539248319, -2.9368191721132897, 0.09903533679861075, 0.32402582706674915, 0.01627394282940276, 0.011295436887138324, 0.2026270308638546, 0.14493603153867535, 0.010316188365820388, 0.10131504690922809, 0.06044680343342389, -2.9368191721132897, 0.158607178550164, -2.9368191721132897, 0.20481816173826733, 0.016546537741549402, 0.07083193098631065, 0.2745470496334471, -2.9368191721132897, 0.07364638140948211, 0.031756486004565564, 0.07948402374800165, 0.124469917848901, 0.1880968724294659, 0.059024446946197795, 0.23117840563645373, 0.0, 0.22373714983130633, 0.18364248641671985, -2.9368191721132897, 0.009776835345630407, 0.10193225520336038, -2.9368191721132897, 0.05311279920477415, 0.1684530639551251, 0.20553405306269307, 0.22249480975626917, 0.022218128627250335, 0.10232007653942135, 0.20075447300933763, 0.20306313480395755, 0.1681280602739397, 0.18049018790106136, 0.13763241710491902},{0.010884236127965546, 0.06046102687729595, 0.28758360004870204, 0.3110831727527546, 0.20908082844932954, 0.3616632680983752, 0.09158826782923825, 0.25729530361490893, -2.9368191721132897, -2.9368191721132897, 0.1954646111919885, 0.2584920381455198, 0.28086841917639205, 0.34708735758874854, 0.4196332643861001, 0.29363142429548605, 0.21465560043667778, 0.28415793417314056, 0.06227383217131861, 0.2141642015237694, 0.08225754073631084, 0.12973126813663863, 0.22920592420846217, 0.07315828679335502, 0.3377328745562142, -2.9368191721132897, 0.04740966401223234, 0.0712239241000431, 0.03765983968852786, 0.1294865319288651, 0.49709956975399994, 0.08009230795951383, 0.20744372427404467, 0.22373714983130633, 0.0, 0.3282842443278423, 0.30192849209115535, 0.0332127896021582, 0.07155611735300228, 0.06857190663287123, 0.06729632277907344, 0.22533312775207887, 0.15489394564391154, 0.18568328770068976, -2.9368191721132897, 0.18966935614374517, 0.19368822587486953, 0.40538969715542916, 0.334892758991817, 0.08792990702418259, 0.22196945798609843},{0.04526089476961752, 0.039400277150788025, 0.15790908626868239, 0.3932703090997164, 0.137797163908951, 0.36754975331990003, 0.03187611420195241, 0.062371437683702034, -2.9368191721132897, 0.01639865929390728, 0.19247811556575337, 0.18289320660908473, 0.04801759710944984, 0.15088118614059873, 0.2694409118433615, 0.19430765171714962, 0.27363844562202855, 0.13388374907815653, -2.9368191721132897, 0.24790235316033274, 0.1808813086847005, 0.21157300202473317, 0.14090405706193587, 0.14333612650548685, 0.34681073215231617, -2.9368191721132897, -2.9368191721132897, -2.9368191721132897, -2.9368191721132897, 0.30544334637489023, 0.3561917002810163, 0.25163143642504165, 0.2910013140891184, 0.18364248641671985, 0.3282842443278423, 0.0, 0.12832043675712268, 0.07417856144802244, -2.9368191721132897, 0.06601221676269964, 0.2063363078339927, 0.1306911814938085, 0.13118809796933883, 0.3218752588372758, 0.11999470911709506, 0.15004935264482935, 0.09778748344176755, 0.5135757944863352, 0.1653377698533253, 0.09894160512487925, 0.21580827345235515},{0.3288530481689959, 0.1513352610290712, 0.2206859580073667, 0.17752283384012177, 0.14511290597836599, 0.31558518380941547, 0.0721270044486187, 0.34636646787514075, 0.06476585295179343, -2.9368191721132897, 0.04613890149043628, 0.26311579437479565, 0.45372198172704414, 0.32124277401057066, 0.4163049333540444, 0.57945065005258, 0.15596832077401063, 0.40875250434639965, 0.12686385410290457, 0.12305027853935024, 0.16679912162692934, 0.046168357153316464, 0.28272050214455613, 0.21366272304978773, 0.1448964673322444, 0.10072011150535588, 0.1644141276858985, 0.13922796818216981, 0.10718846739728165, 0.07442578037534552, 0.35212536883895806, 0.23337540464164472, 0.21227390846597988, -2.9368191721132897, 0.30192849209115535, 0.12832043675712268, 0.0, 0.08126218343117762, 0.147798552187013, 0.2879152078498254, 0.04058163734754801, 0.2922875899410102, 0.05669030557809796, 0.16936297515577736, 0.11673186808252532, 0.29966664944906496, 0.21612576318207438, 0.22981117470954507, 0.13651645450071132, 0.18658976052275045, 0.21578667364225296},{0.17929322443708165, 0.26224400322325997, 0.12206096770045542, 0.15208099063922179, 0.09891022817656028, 0.15189902502865385, 0.4413031480610625, 0.1161389295895562, 0.10457477548550805, 0.0657173800860402, 0.19071708186190442, 0.08136283914152892, 0.19943856313646294, 0.15959070510934545, 0.22323956844611637, 0.09308617459392315, 0.2502446044349575, 0.14607185175459314, 0.149689604961453, 0.13415559702372234, 0.09076856048753748, 0.07287330431346878, 0.2403196199586215, 0.309345090620873, 0.1010957353511913, 0.16624670957520607, 0.023114630135905406, -2.9368191721132897, 0.13515271934377987, 0.23002929721265056, 0.14547131985962147, 0.19110573610364298, 0.2332247990286218, 0.009776835345630407, 0.0332127896021582, 0.07417856144802244, 0.08126218343117762, 0.0, 0.15551366627004976, 0.304423927352202, 0.32275860836414616, 0.1637287482038827, 0.16175477195482532, 0.2248710151617815, 0.20765109048699193, 0.19888229782389463, 0.12464535780309413, 0.02987507975684428, 0.17982993911769857, 0.12067599364550602, 0.24212442796252592},{0.11084579659546948, 0.4007863473046963, 0.17367366128947737, 0.23541387211279166, 0.32056392391700644, -2.9368191721132897, 0.2568935185583496, 0.38289810735804286, 0.2284392043972278, 0.037687825296513655, 0.02179838914088678, 0.2406601202342086, 0.12638978580703072, 0.28475175066779695, 0.21335118951178453, 0.192742441