{0.0, -1.8803418803418803, 0.8275862068965517, -8.708333333333334, 0.14468085106382977, -0.6837606837606838, 3.676348547717842, 10.326612903225806, 1.8114754098360655, 0.726530612244898, -7.796680497925311, -3.33195020746888, -11.131147540983607, -0.2564102564102564, -5.575, 4.131147540983607, -6.755186721991701, 1.0686695278969958, 2.2103174603174605, -5.518828451882845, -10.248979591836735, -0.8955823293172691, -5.6375, -6.233606557377049, 6.871369294605809, -12.285140562248996, -18.5234375, -3.777310924369748, -8.807377049180328, -1.459016393442623, -4.434426229508197, 9.502024291497976, 2.6666666666666665, -19.2, -5.453781512605042, -3.0081632653061225, -9.813278008298756, -20.5546875, -11.921810699588477, -9.327868852459016, 0.4851063829787234, -5.8125, 0.0, 2.665236051502146, -3.765957446808511, -3.8559670781893005, -5.0, 19.68702290076336, -7.971311475409836, -10.967213114754099, -9.322448979591837, -9.926229508196721, -7.90650406504065, -0.6302521008403361, 2.966804979253112, -2.574468085106383, 6.48995983935743, -11.30204081632653, -5.861344537815126, -4.201680672268908, -5.118143459915612, 5.714876033057851, 1.1637931034482758, -3.6016949152542375, -10.473251028806585, -4.877637130801688, -7.94238683127572, -17.80859375, 0.0, -3.729957805907173, -10.71774193548387, -5.319502074688796, -1.1791666666666667, 0.0, 10.59919028340081, -6.166666666666667, -4.166666666666667, 1.3673469387755102, -5.436974789915967, -1.55, -4.232931726907631, 0.0, 8.390243902439025, -1.1193415637860082, -7.791666666666667, 1.4935622317596566, 5.735537190082645, -6.344398340248962, -6.775933609958506, 3.0253164556962027, -10.893004115226338, -6.569672131147541, -2.211618257261411, 0.0, -8.058333333333334, -8.025, 6.752032520325203, -4.652, -14.923076923076923, -1.6721311475409837, -1.456896551724138, -1.8565573770491803, 0.9574468085106383, -14.72549019607843, -4.636734693877551, -0.9473684210526315, -8.265560165975105, -1.3620689655172413, 0.0, -11.37704918032787, -5.966804979253112, 2.240343347639485, -4.543933054393306, 3.1054852320675104, 6.3983739837398375, -2.7136929460580914, -2.1735537190082646, -3.33195020746888, -6.344262295081967, -1.0344827586206897, -7.186721991701245, 4.475409836065574, -2.9186991869918697, -0.7154811715481172, -1.3617021276595744, -9.678861788617887, 1.609442060085837, 0.0, -4.673640167364017, -11.334661354581673, 8.118367346938776, 1.5063829787234042, -3.0436507936507935, -5.294117647058823, -6.114285714285714, -0.7829787234042553, -11.951612903225806, -1.2016460905349795, -3.188284518828452, 0.0, 3.481012658227848, 10.175510204081633, -6.067226890756302, -5.208333333333333, -7.66390041493776, 0.0, -17.341176470588234, -4.946280991735537, -2.497872340425532, -6.502057613168724, -8.975308641975309},{1.8803418803418803, 0.0, -1.7510373443983402, 0.5982905982905983, 3.702127659574468, 2.5982905982905984, 10.342629482071713, -9.446280991735538, 6.983402489626556, -0.7611336032388664, -4.124497991967871, 0.0, 2.2594142259414225, 0.5258620689655172, 5.688976377952756, 5.639004149377594, 0.0, 0.0, -13.884462151394422, 5.779166666666667, 0.7725321888412017, 7.090909090909091, -0.9137931034482759, 1.3275862068965518, 15.0, -6.373493975903615, 13.294820717131474, 0.45064377682403434, -2.5289256198347108, 5.377510040160643, 2.593220338983051, 6.421052631578948, 0.0, 0.0, 0.0, 2.4602510460251046, -0.9831223628691983, -6.429752066115703, 4.568, -0.016877637130801686, -7.889344262295082, 0.463519313304721, 0.7068965517241379, 0.6437768240343348, 1.9699570815450644, 1.425531914893617, 9.279835390946502, 0.0, 7.601659751037344, 2.196652719665272, 9.806324110671937, 0.905982905982906, -8.516129032258064, 0.0, 5.01673640167364, 5.227848101265823, -0.5857740585774058, -0.3559322033898305, -12.214574898785425, 0.3940677966101695, -10.49800796812749, 2.924686192468619, 1.543103448275862, 2.8298755186721993, 5.825726141078838, 4.3625, -2.8683127572016462, -7.16597510373444, 4.588235294117647, 2.308333333333333, -7.554216867469879, -11.380952380952381, 3.254166666666667, -0.14516129032258066, -8.794238683127572, 1.5319148936170213, -4.066115702479339, 5.5966386554621845, 1.4034334763948497, 5.963709677419355, 5.313559322033898, 7.174273858921162, -11.314741035856574, -5.580246913580247, -0.3605150214592275, 0.0, -5.583333333333333, -7.31404958677686, 0.08333333333333333, 0.0, 0.0, 8.057851239669422, 4.485232067510548, 3.940677966101695, 5.211618257261411, -1.9112903225806452, 14.316, 1.8275862068965518, 0.9827586206896551, 1.0691056910569106, -0.15611814345991562, 4.780590717299578, 3.595744680851064, -0.11392405063291139, -6.3884297520661155, -1.699588477366255, 0.5536480686695279, 9.526530612244898, 0.0, 2.9743589743589745, -6.491666666666666, 4.883333333333334, 1.5924369747899159, 4.016666666666667, 6.045643153526971, -6.195833333333334, 1.5527426160337552, -6.933884297520661, -10.829268292682928, 5.933609958506224, 4.626050420168068, 7.020576131687243, -10.813765182186234, -9.289795918367346, -0.7426160337552743, 13.928, 0.0, 0.0, 3.2521008403361344, -3.7868852459016393, 13.1417004048583, 0.0, 6.8655462184873945, 2.6153846153846154, 0.8034188034188035, 2.5083333333333333, 0.8127659574468085, 12.396, 1.3706896551724137, 6.979253112033195, 8.987903225806452, 13.119521912350598, 2.8205128205128207, -5.6204081632653065, 5.033755274261603, 0.0, -1.9121338912133892, 8.790123456790123, 0.0, 2.348936170212766, -8.522267206477732},{-0.8275862068965517, 1.7510373443983402, 0.0, -3.768595041322314, 2.5289256198347108, -0.851063829787234, 4.9753086419753085, -2.8619246861924688, -2.7083333333333335, -2.3333333333333335, -2.6186440677966103, 0.0, 3.7261410788381744, -0.6824034334763949, -2.297872340425532, 0.0, 0.0, 0.9063829787234042, -24.456603773584906, 0.0, -4.366255144032922, 2.717299578059072, -3.0762711864406778, 0.0, 5.929752066115703, -1.2307692307692308, -16.031372549019608, 1.546218487394958, -13.907630522088354, 0.0, 4.7405857740585775, -4.338842975206612, -0.4482758620689655, 3.4854771784232366, -3.125, 0.0, -5.109243697478991, 2.5738396624472575, 9.318725099601593, -6.416666666666667, -0.461864406779661, -3.012448132780083, 1.2995780590717299, -0.7467811158798283, -6.383064516129032, -3.6624472573839664, 4.065843621399177, 3.683127572016461, 0.8833333333333333, 0.0, -5.872427983539095, -0.6051502145922747, 0.0, -10.144, 0.0, 0.0, -4.9753086419753085, -7.032128514056225, -2.786610878661088, 0.0, 0.0, 6.909836065573771, 0.0, -0.9148936170212766, -4.25206611570248, -3.6443514644351462, 7.45679012345679, 0.463519313304721, 0.9527896995708155, 0.0, -6.05327868852459, -0.7521367521367521, 1.0632911392405062, 1.7264957264957266, -0.9785407725321889, -1.3846153846153846, -0.3275862068965517, 4.968, -4.56198347107438, -1.452991452991453, 0.0, 1.0423728813559323, -20.494296577946766, 0.0, -4.512396694214876, 0.0, -2.8065843621399176, 0.6382978723404256, -3.3248945147679323, 2.9662447257383966, -9.25206611570248, 0.0, -6.8, 0.0, 4.404958677685951, -2.106382978723404, -3.33195020746888, 0.0, 4.809917355371901, 1.7478991596638656, -0.905982905982906, -2.2151898734177213, 0.0, -2.5416666666666665, -2.4297520661157024, 0.943089430894309, 0.0, -1.3617021276595744, 0.0, -4.1440329218107, -1.1623931623931625, 9.219123505976096, 0.0, -6.883064516129032, 3.5643153526970957, 2.569620253164557, 0.0, -0.6952789699570815, -0.6051502145922747, -0.614406779661017, -3.728033472803347, 3.632911392405063, 0.0, 0.0, -2.2594142259414225, -0.673728813559322, 0.0, 1.0632911392405062, -8.63888888888889, 2.071129707112971, 0.0, 1.2995780590717299, 2.2151898734177213, -8.709163346613545, -0.6824034334763949, 0.0, 6.5951417004048585, -0.30735930735930733, 5.363636363636363, -0.6051502145922747, -6.88, 2.7966101694915255, -0.3116883116883117, 0.0, -4.189300411522634, 0.0, -3.25, 0.0, 0.0, -1.811965811965812, -9.376},{8.708333333333334, -0.5982905982905983, 3.768595041322314, 0.0, 0.0, 0.0, 0.0, 0.0, 0.0, 0.0, 0.0, 1.0932203389830508, 0.0, 13.275303643724696, 2.0504201680672267, 8.840816326530613, 3.788381742738589, 0.0, 14.474708171206226, 0.0, 0.0, 0.0, 0.0, 0.0, 0.0, 0.0, 0.0, 0.0, 0.0, 9.183673469387756, 2.911764705882353, -9.149606299212598, 0.0, 0.0, 0.0, 0.0, 0.0, 0.0, 0.0, 0.0, 14.365758754863814, 0.0, 0.0, 4.29045643153527, 0.0, 0.0, -1.1092436974789917, 0.0, 0.0, 0.0, 0.0, 0.0, 4.413223140495868, 0.0, 0.0, 6.584362139917696, 0.0, 0.0, 0.0, 0.0, 1.4871794871794872, 8.326530612244898, 0.0, 0.0, 0.0, 0.0, 0.0, -2.9535864978902953, 8.256198347107437, 4.504201680672269, -2.5, 0.0, 0.0, 6.196652719665272, 0.0, -11.646341463414634, 0.0, 2.8059071729957807, 0.0, 0.0, 7.188524590163935, 0.0, -22.671814671814673, 0.0, 0.0, 8.560975609756097, 0.0, 1.0686695278969958, 0.7327586206896551, 0.0, 0.0, 0.0, 0.0, 0.0, 0.0, 4.729166666666667, 12.442687747035572, 0.0, 0.0, 6.884297520661157, 0.0, 5.2946058091286305, 0.0, 0.0, 0.0, 3.2278481012658227, 0.0, 9.122448979591837, 0.0, 0.7758620689655172, 0.0, 12.260162601626016, 1.8451882845188285, 0.0, -1.205020920502092, 0.0, 3.2083333333333335, 0.0, 0.0, 7.741803278688525, 0.0, 10.183673469387756, 0.0, 0.0, 0.0, 0.0, 2.677685950413223, 1.8333333333333333, 0.0, 0.0, 15.972, 0.0, 0.0, 0.0, 0.0, 0.0, 0.0, -3.19327731092437, 6.510460251046025, 0.0, 9.0, 22.73384030418251, 0.0, 0.0, 6.390041493775934, 0.0, 0.0, 1.8487394957983194, 0.7327586206896551, 0.0, 0.0},{-0.14468085106382977, -3.702127659574468, -2.5289256198347108, 0.0, 0.0, 0.0, 0.0, 1.7446808510638299, 0.0, -0.7758620689655172, 3.0737704918032787, 0.0, 2.6382978723404253, 0.0, 0.0, 0.0, 4.008298755186722, 0.0, -11.164658634538153, 0.0, 0.0, -1.297872340425532, 0.0, 0.0, 0.0, 3.3221757322175733, 0.0, 0.0, 0.0, -5.166666666666667, 1.1330472103004292, -1.1794871794871795, 0.0, 0.0, 0.0, 0.0, -8.269387755102041, -1.1716738197424892, 0.0, 3.5145228215767634, 14.350194552529183, 0.0, 0.0, -12.331983805668017, 0.0, -14.48031496062992, -1.0042372881355932, 4.355731225296442, -1.1623931623931625, 0.0, 0.0, 0.0, -2.0546218487394956, 0.0, 0.0, -1.2203389830508475, 0.0, 0.0, 4.4958677685950414, 0.0, -16.909803921568628, 1.7659574468085106, 0.0, -0.6170212765957447, 0.0, 0.0, -4.806584362139918, -1.0638297872340425, 0.0, -7.8861788617886175, -7.870445344129554, 0.0, 0.0, -14.9601593625498, 14.941634241245136, 7.408163265306122, 2.9661016949152543, -3.25, 0.0, 0.0, -5.177685950413223, 0.0, -2.4243697478991595, -8.07258064516129, 0.0, 3.2863070539419086, 10.60483870967742, -4.877551020408164, 2.8354430379746836, 0.0, 0.0, 0.0, 0.0, 0.2689075630252101, -3.788381742738589, 11.6015625, 7.774590163934426, 0.0, -1.0, 0.0, 0.0, 3.4852320675105486, 0.0, 0.0, 5.048192771084337, 9.237154150197629, -1.365546218487395, 0.0, 1.2457627118644068, 0.0, 14.452, 0.0, -5.016666666666667, 0.0, -0.7081545064377682, -4.609958506224066, -0.8067226890756303, 0.0, 0.0, 0.0, 0.0, 0.0, -1.546218487394958, 0.0, 0.0, 0.0, -8.242914979757085, 0.0, 0.0, -4.363636363636363, 0.0, 0.8717948717948718, -1.88135593220339, 0.0, 0.0, 0.0, 0.0, 0.0, 7.955284552845528, 0.0, 0.0, -0.6556016597510373, 0.0, 0.0, 1.1330472103004292, 0.0, 0.0, 0.0, -11.412244897959184, -0.5517241379310345, 0.0},{0.6837606837606838, -2.5982905982905984, 0.851063829787234, 0.0, 0.0, 0.0, 0.0, 11.288, 0.0, -1.0677966101694916, -3.73109243697479, 2.784232365145228, 0.0, 0.0, -3.5084745762711864, 0.0, 4.333333333333333, 2.9166666666666665, -0.9913793103448276, 0.0, 0.0, 0.0, 1.6271186440677967, 0.0, 0.0, 0.0, 0.0, 0.0, -1.0517241379310345, -5.6115702479338845, -1.0593220338983051, -2.216867469879518, 0.0, 2.6666666666666665, 0.0, 0.0, 0.0, 0.0, -3.4008438818565403, 0.0, 14.592, -0.8917748917748918, 0.0, -11.382113821138212, -1.146551724137931, -18.704280155642024, 0.0, 3.195020746887967, 0.0, 0.0, -1.0517241379310345, 0.0, -1.1077586206896552, 0.0, 0.0, 0.851063829787234, 0.0, 0.0, 0.0, 0.0, 0.0, -0.864406779661017, 0.0, 0.0, -0.9361702127659575, 0.0, -3.908713692946058, -10.995967741935484, 0.0, 0.0, -7.2326530612244895, 0.0, -4.933609958506224, -0.5299145299145299, 9.642570281124499, -10.098360655737705, 2.7203389830508473, -1.8641975308641976, 0.0, 0.0, 0.0, 0.0, -9.892, -10.601626016260163, 0.0, 4.708333333333333, 22.75, -8.825726141078839, 2.9367088607594938, 0.0, -5.095833333333333, 0.6153846153846154, 0.0, -2.518987341772152, -2.925619834710744, 8.488, 0.0, 0.0, -4.808333333333334, 0.0, 0.0, 2.5230125523012554, 0.0, 0.0, 2.5, -2.2594142259414225, 0.0, 6.2510460251046025, 0.0, -2.6582278481012658, 15.55378486055777, 0.0, 1.4453781512605042, 0.0, 0.0, 0.0, 0.0, 0.9834710743801653, -0.341991341991342, 0.0, 0.0, 3.189873417721519, 0.0, 2.921161825726141, 0.0, 0.0, 0.0, 0.0, 0.0, -5.846473029045643, 0.0, 0.0, 0.0, 0.0, -4.761316872427984, 0.0, 0.0, 0.0, 5.566666666666666, 0.0, 7.016326530612245, 6.278008298755187, 0.0, -5.323651452282157, 0.0, 0.0, 0.0, 0.0, 0.0, 1.127659574468085, -2.711864406779661},{-3.676348547717842, -10.342629482071713, -4.9753086419753085, 0.0, 0.0, 0.0, 0.0, 7.264462809917355, 0.0, 12.095617529880478, 12.453061224489796, 0.0, 5.954356846473029, 0.0, -2.1531914893617023, 0.0, 5.477178423236515, 0.0, -6.6938775510204085, 0.0, -6.963414634146342, 0.0, 0.0, 0.0, 0.0, 7.68595041322314, 0.0, -2.7447698744769875, 0.0, 15.362204724409448, 12.1875, -3.9873417721518987, -5.109243697478991, 0.0, 0.0, 0.0, 4.761316872427984, 0.0, 2.246913580246914, 5.45679012345679, 13.496, 0.0, 0.0, -3.5, 0.0, -6.2133891213389125, 0.0, 0.0, -4.483333333333333, 0.0, 0.0, 0.0, -1.375, 0.0, 0.0, 0.0, 0.0, -3.6527196652719667, 2.4190871369294604, 0.0, 1.929460580912863, 5.764705882352941, 0.0, 0.0, 0.0, 0.0, 10.364, 0.0, 0.0, -13.098425196850394, -10.88, 0.0, -6.2887029288702925, -18.90272373540856, 12.842105263157896, -7.275, 4.01673640167364, -8.663967611336032, 0.0, 0.0, 0.0, 0.0, -2.0252100840336134, -11.49402390438247, 7.698412698412699, -22.647727272727273, 9.86, 9.276679841897232, 6.2510460251046025, 0.0, 2.246913580246914, 0.0, -8.168674698795181, -1.2340425531914894, -3.2083333333333335, 11.040650406504065, 0.0, 0.0, 0.8085106382978723, 0.0, 17.383399209486164, -6.7899159663865545, 0.0, 0.0, 0.0, 15.387096774193548, -5.114285714285714, -9.522633744855968, 0.0, -10.453815261044177, 11.76923076923077, -10.092369477911646, -11.379032258064516, 0.0, 0.0, 0.0, -6.36734693877551, 0.0, 0.0, 0.0, 0.0, -12.354581673306773, 0.0, 0.0, 0.0, 0.0, -3.263374485596708, -11.721115537848606, -5.091666666666667, -3.2436974789915967, -0.9152542372881356, 0.0, -4.317991631799163, 0.0, 1.1764705882352942, 0.0, 0.0, 0.0, 10.24390243902439, 0.0, 2.0210084033613445, 0.0, 0.0, 0.0, -6.532258064516129, 0.0, 0.0, 0.0, -8.984126984126984, 0.0, -3.9166666666666665},{-10.326612903225806, 9.446280991735538, 2.8619246861924688, 0.0, -1.7446808510638299, -11.288, -7.264462809917355, 0.0, -8.049792531120332, -5.404958677685951, 0.0, -1.425531914893617, -0.463519313304721, 0.0, -7.86, -16.496031746031747, 10.902040816326531, -5.1203319502074685, 9.036144578313253, -11.640316205533598, 0.0, 10.984126984126984, 0.0, -13.924901185770752, -8.29045643153527, 0.0, -3.4322033898305087, -9.194444444444445, -15.496031746031745, 17.701960784313727, -3.4166666666666665, -15.719367588932807, -18.638132295719846, -2.805084745762712, 0.0, 2.319327731092437, 0.0, -5.666666666666667, -0.5536480686695279, 0.0, 0.0, -3.3781512605042017, -6.72, 7.603921568627451, -7.048387096774194, 13.278225806451612, -4.857740585774058, -5.573221757322176, 6.06425702811245, 0.0, -25.093984962406015, -7.338709677419355, 17.6496062992126, -24.981203007518797, 16.953125, 15.913385826771654, -1.0948275862068966, -0.9399141630901288, -4.423236514522822, -4.323651452282157, -5.206611570247934, -4.929460580912863, -9.759183673469387, 14.4453125, -1.641025641025641, -10.330645161290322, -2.5303643724696356, -2.794979079497908, -11.457364341085272, 17.44313725490196, 2.8354430379746836, -2.3628691983122363, 13.37246963562753, -4.239669421487603, 0.0, 13.30241935483871, 1.4830508474576272, 3.6970954356846475, -11.09486166007905, -4.858921161825726, -8.23265306122449, -8.84274193548387, 11.94, 2.0504201680672267, 13.193798449612403, 4.079497907949791, 0.0, 0.0, 0.0, -27.357142857142858, -0.7241379310344828, -4.915322580645161, -17.46875, 8.625, 10.736842105263158, 0.0, 0.0, -5.0125, -3.416326530612245, -26.471698113207548, 0.0, -9.153846153846153, -0.5367965367965368, -4.796747967479675, 0.0, 0.0, 10.810699588477366, -5.016393442622951, 0.0, 12.204724409448819, 0.0, 24.437037037037037, -20.019455252918288, -8.73469387755102, -26.86245353159851, -7.520661157024794, -26.01492537313433, -1.3829787234042554, -4.020746887966805, -5.875, 0.0, -20.03875968992248, 1.5062240663900415, -3.172995780590717, -8.289795918367346, -10.208163265306123, 2.0416666666666665, -20.151750972762645, -11.778210116731518, 14.800813008130081, -17.32549019607843, -5.679012345679013, 18.07450980392157, 0.0, -3.6198347107438016, 19.60153256704981, 23.56201550387597, -4.405857740585774, 2.516949152542373, -5.058091286307054, 25.65134099616858, 2.250996015936255, -3.7427385892116183, -0.6810344827586207, 1.9205020920502092, -11.024096385542169, -1.8669527896995708, -8.78225806451613, 0.0, -9.748, 8.441295546558704},{-1.8114754098360655, -6.983402489626556, 2.7083333333333335, 0.0, 0.0, 0.0, 0.0, 8.049792531120332, 0.0, 0.0, -3.7983193277310923, 0.0, 2.234042553191489, 0.0, -2.6595744680851063, 0.0, 4.16597510373444, 0.0, 14.736220472440944, 0.0, 0.0, 0.0, 0.0, 0.0, 0.0, 2.823529411764706, 0.0, 0.0, -6.078838174273859, 16.454901960784312, 0.0, -7.50996015936255, -5.07563025210084, 0.0, 0.0, -13.582329317269076, 2.453781512605042, 0.0, -5.340248962655601, -5.468879668049793, 12.291497975708502, 0.0, 0.0, 2.485355648535565, 0.0, -4.864754098360656, 0.0, -2.2479338842975207, -0.6382978723404256, 0.0, 0.0, -3.092436974789916, -4.179166666666666, 0.0, 0.0, 0.0, 0.0, 0.0, 0.0, 0.0, -0.5378151260504201, 3.617021276595745, 0.0, 0.0, 0.0, 0.0, 1.5042735042735043, -10.944, 0.0, 0.0, -29.343173431734318, 0.0, -5.042016806722689, 4.381742738589212, 7.3375, -8.458333333333334, 2.9748953974895396, 2.8, 0.0, 0.0, 0.0, 0.0, 6.028688524590164, 4.457142857142857, 1.1864406779661016, 10.09274193548387, 0.0, 0.0, -4.958333333333333, 0.0, -7.430894308943089, 0.0, 0.0, -0.8448275862068966, 2.5833333333333335, 7.883333333333334, 0.0, 0.0, 1.0423728813559323, 0.0, 0.0, -6.291666666666667, 0.0, 0.0, 0.0, 2.6737288135593222, -3.1260504201680672, -2.5714285714285716, 0.0, -10.883534136546185, 14.673306772908367, 0.0, -13.777777777777779, 0.0, 0.0, 0.0, -5.5, 0.0, 0.0, 0.0, 0.0, 0.0, 0.0, 0.0, 0.0, 0.0, 0.0, -16.42063492063492, -3.092436974789916, -2.234042553191489, 0.0, 0.0, 0.0, 0.0, 0.0, 0.0, 0.0, 0.0, 6.763485477178423, 0.0, 0.0, 0.0, 0.0, 0.0, -6.502040816326531, 0.0, 0.0, 0.0, -5.362139917695473, 0.0, -3.012448132780083},{-0.726530612244898, 0.7611336032388664, 2.3333333333333335, 0.0, 0.7758620689655172, 1.0677966101694916, -12.095617529880478, 5.404958677685951, 0.0, 0.0, -1.2076271186440677, -19.26953125, -7.340248962655601, -1.411764705882353, -17.346303501945524, 0.0, 1.728813559322034, 0.0, 11.391129032258064, 0.0, 0.0, 3.8724279835390947, -9.352226720647772, 13.674509803921568, 0.0, -3.5833333333333335, 7.9, 0.0, -6.5578512396694215, 1.1623931623931625, 1.4145299145299146, -10.833333333333334, 0.0, -12.011811023622048, 0.0, -9.247011952191235, -3.596638655462185, -19.186770428015564, 0.0, -2.472340425531915, 13.128, 0.0, 0.0, -3.087866108786611, 0.0, 25.29811320754717, 0.0, -8.669322709163346, 1.0085470085470085, 0.0, -9.369918699186991, 0.8297872340425532, 3.690376569037657, -6.963265306122449, 4.274590163934426, 0.0, 0.0, 0.0, -2.7489539748953975, 0.0, 9.113821138211382, 4.535564853556485, 0.0, 7.888888888888889, 0.0, 0.0, 1.0815450643776825, -19.93359375, 7.901639344262295, 6.008064516129032, 13.132, -14.803921568627452, 4.4, 7.934156378600823, 0.4827586206896552, -0.6952789699570815, -8.63265306122449, 0.8154506437768241, 0.0, -16.76953125, 5.415637860082304, 0.0, 12.779116465863455, 25.357142857142858, 0.0, 6.475, -4.912133891213389, -7.154471544715447, -5.454545454545454, -5.591666666666667, -9.461224489795919, 10.051587301587302, 0.0, 2.3135593220338984, 3.2384937238493725, 0.0, -0.7446808510638298, 0.0, 0.0, 6.901960784313726, 3.6150627615062763, 0.0, 0.0, 0.0, -8.43265306122449, 2.1623931623931623, 0.0, -20.259541984732824, 0.0, 0.0, -7.33469387755102, 4.711934156378601, 17.695488721804512, 0.0, 6.469635627530365, 17.50943396226415, 6.825396825396825, -20.43921568627451, 7.008298755186722, -0.2905982905982906, 0.0, 9.872, 9.032786885245901, -20.2568093385214, 0.0, -14.35546875, 0.0, 18.43609022556391, 0.0, 0.0, 10.816, 0.0, 0.0, 0.0, 0.0, 5.557377049180328, 5.545081967213115, -20.299610894941633, 0.8706896551724138, 0.0, 11.612, 6.551867219917012, 0.0, -17.263779527559056, 0.0, 0.0, -3.0, 5.614754098360656, -2.5384615384615383, 0.0, 0.8297872340425532},{7.796680497925311, 4.124497991967871, 2.6186440677966103, 0.0, -3.0737704918032787, 3.73109243697479, -12.453061224489796, 0.0, 3.7983193277310923, 1.2076271186440677, 0.0, 3.8916666666666666, -1.1623931623931625, 0.0, 0.0, 12.265384615384615, 1.3291139240506329, 2.6666666666666665, 19.5, 4.142259414225942, 0.0, 6.676113360323886, -0.6033755274261603, 5.883333333333334, -6.065573770491803, 0.0, -5.02880658436214, 5.777327935222672, -12.540983606557377, 5.658333333333333, 3.3781512605042017, -12.764227642276422, 4.6396761133603235, -16.869565217391305, 2.0504201680672267, 4.041841004184101, 0.0, -14.646586345381525, -2.875, 0.0, 0.9177489177489178, -4.296296296296297, 4.743801652892562, -0.854251012145749, 4.908713692946058, 5.1, 4.674897119341564, -8.74, 5.963562753036437, -2.234567901234568, -3.4644351464435146, 1.7593360995850622, 3.697478991596639, -12.264227642276422, 6.475, 5.563025210084033, -2.991596638655462, -2.3568464730290457, 0.0, 0.0, 8.330645161290322, 6.991735537190083, 12.961389961389962, 5.004201680672269, -1.2820512820512822, 3.7656903765690375, -1.5864978902953586, -15.48995983935743, 11.793522267206479, 7.037344398340249, 0.9655172413793104, 2.7489539748953975, 5.611336032388664, 7.958333333333333, 0.0, 3.30327868852459, 1.6566523605150214, 6.315789473684211, 2.5210084033613445, -6.604838709677419, 7.5951417004048585, 4.481171548117155, 18.505836575875488, 3.502092050209205, 1.55793991416309, 0.9827586206896551, 0.0, 0.0, 0.0, 10.30204081632653, -2.309623430962343, 16.192307692307693, 4.842105263157895, 4.591666666666667, 4.214876033057851, 0.0, 1.5358649789029535, 2.772727272727273, -4.853061224489796, 6.47808764940239, 1.5344827586206897, 1.3781512605042017, -3.8333333333333335, 4.050420168067227, -11.08433734939759, 0.0, 2.8333333333333335, 1.5654008438818565, 6.8625, -2.0292887029288704, 0.0, 12.862348178137651, 6.534979423868313, -4.493827160493828, -15.728, 3.7355371900826446, 1.978902953586498, -10.7165991902834, 2.8059071729957807, 2.8619246861924688, 0.6824034334763949, 18.507874015748033, 3.899159663865546, 3.4644351464435146, 4.857740585774058, -5.02880658436214, 2.288135593220339, -7.555555555555555, 8.072289156626505, 2.7899159663865545, -18.43083003952569, -5.702479338842975, 6.145748987854251, 3.6638655462184873, 2.5210084033613445, 8.3125, 12.952941176470588, -5.795081967213115, 2.4715447154471546, 3.3682008368200838, 13.9251968503937, 9.576612903225806, 0.0, -3.5269709543568464, -0.5103734439834025, 4.7899159663865545, 1.1063829787234043, 6.166666666666667, 3.404166666666667, 0.23931623931623933, 3.5142857142857142},{3.33195020746888, 0.0, 0.0, -1.0932203389830508, 0.0, -2.784232365145228, 0.0, 1.425531914893617, 0.0, 19.26953125, -3.8916666666666666, 0.0, 2.4219409282700424, 0.0, -2.902127659574468, -4.314516129032258, -0.940677966101695, 0.0, -13.072289156626505, -9.829268292682928, 0.0, -8.041666666666666, 0.0, 0.0, 0.0, -0.9401709401709402, 0.0, 0.0, 0.0, 17.8515625, 12.484, -3.1016949152542375, 0.0, 0.0, 0.0, 0.0, -10.74, 0.0, -3.6311475409836067, -3.3714285714285714, 0.0, -0.851063829787234, 0.0, 1.6945606694560669, 0.0, -6.477732793522267, 0.14163090128755365, -2.1914893617021276, -1.148936170212766, 0.0, 0.0, -0.6379310344827587, -1.3275862068965518, 0.0, 0.0, 0.0, 0.0, -1.2966101694915255, 0.0, 0.0, 0.0, 9.764940239043824, -14.3, 0.0, 22.140625, -5.583673469387755, 6.239837398373984, -1.9322033898305084, 0.0, -4.041322314049586, -7.80327868852459, 0.0, -5.16734693877551, 4.569105691056911, 2.2333333333333334, 1.919831223628692, 0.0, 13.104, 0.0, 0.0, -5.520661157024794, 0.0, -10.757085020242915, 0.0, 4.629166666666666, 14.035294117647059, 9.16326530612245, 0.0, -1.1297071129707112, 0.0, -4.522633744855967, 0.0, -0.9661016949152542, -6.619433198380567, 2.163265306122449, 7.36734693877551, 13.198412698412698, -0.6293103448275862, 3.9539748953974896, 0.0, 0.7521367521367521, 2.1265822784810124, 0.0, 0.0, 0.0, 2.283400809716599, -5.631147540983607, -2.2595744680851064, 0.0, 0.0, 0.0, -14.2, -5.783333333333333, 0.0, 0.0, -0.940677966101695, 0.0, 0.0, 0.0, -1.576271186440678, -5.012244897959183, -11.689922480620154, 0.0, 0.0, -0.9361702127659575, 0.0, 0.0, 0.0, -7.3861788617886175, 2.0168067226890756, 0.0, 0.0, -2.549586776859504, 0.0, 0.0, 0.0, 0.0, -2.324786324786325, 11.32128514056225, 0.0, -1.8823529411764706, -0.717948717948718, 0.0, 0.8034188034188035, 6.008097165991903, 0.0, -0.851063829787234, -11.772908366533864, 1.805084745762712, -1.5416666666666667, -14.328125},{11.131147540983607, -2.2594142259414225, -3.7261410788381744, 0.0, -2.6382978723404253, 0.0, -5.954356846473029, 0.463519313304721, -2.234042553191489, 7.340248962655601, 1.1623931623931625, -2.4219409282700424, 0.0, -1.5857740585774058, -4.917695473251029, -20.841509433962266, 0.0, -3.4556962025316458, -26.187265917602996, 0.0, 0.0, -4.344398340248962, -4.61344537815126, -2.6875, -4.858333333333333, 0.0, -4.853061224489796, -3.071729957805907, -4.458333333333333, 7.680327868852459, 0.0, -8.792682926829269, -10.064516129032258, -4.336134453781512, 0.0, -3.225, 0.0, -5.531120331950207, 0.0, 0.0, 0.0, -5.020746887966805, -2.234042553191489, -7.176954732510288, -2.6569037656903767, -10.247104247104247, -4.270833333333333, -6.756302521008403, 4.859504132231405, 0.0, 0.0, -2.25531914893617, -5.691358024691358, -8.987654320987655, -1.9493670886075949, -3.3568464730290457, -1.0171673819742488, -1.0769230769230769, 0.0, -3.0762711864406778, -3.024793388429752, -2.8728813559322033, -19.53030303030303, -3.1004016064257027, 0.0, -1.0212765957446808, 1.0940170940170941, -6.549586776859504, -25.03030303030303, -1.3983050847457628, 0.0, -4.987551867219917, -7.223107569721115, 10.520325203252032, 0.0, 6.0548523206751055, -2.8264462809917354, -2.4476987447698746, 0.0, -5.268595041322314, -1.3362068965517242, -1.5319148936170213, -4.605042016806722, 0.0, 1.7639484978540771, 9.312, -0.7659574468085106, -5.762295081967213, 0.7863247863247863, -9.144, 0.0, -3.858921161825726, -1.0085470085470085, 0.0, 2.1464435146443517, 1.8803418803418803, 1.271186440677966, -1.1702127659574468, 0.0, 0.0, -1.728813559322034, 2.669491525423729, 0.0, -1.2203389830508475, -7.691666666666666, 0.0, 0.0, 5.288135593220339, -1.0, 0.0, -0.8898305084745762, 8.16260162601626, -5.548117154811716, -2.404255319148936, -4.833333333333333, -4.381742738589212, 0.0, -3.659751037344398, -2.717299578059072, -3.6638655462184873, 2.5416666666666665, -19.041666666666668, -3.029045643153527, -5.485477178423237, -3.4641350210970465, -5.643153526970955, -7.805555555555555, -5.458677685950414, -1.6752136752136753, -7.150406504065041, -12.609561752988048, -1.5319148936170213, -4.2987551867219915, -1.7606837606837606, -1.4638297872340424, 11.651821862348179, -0.9399141630901288, -6.6, 4.397489539748954, -3.160337552742616, 2.28099173553719, -4.702479338842975, 0.0, -0.8888888888888888, 1.8305084745762712, -1.347457627118644, -3.966386554621849, -18.845283018867924, 6.091666666666667, -2.7457627118644066, -1.2644628099173554},{0.2564102564102564, -0.5258620689655172, 0.6824034334763949, -13.275303643724696, 0.0, 0.0, 0.0, 0.0, 0.0, 1.411764705882353, 0.0, 0.0, 1.5857740585774058, 0.0, -0.32644628099173556, 0.0, 0.0, 0.0, 1.116, 0.0, 0.0, 4.625, 0.0, 0.0, 0.0, 0.0, 0.0, 0.0, -9.96774193548387, 2.4327731092436973, 2.0539419087136928, -2.8940677966101696, 0.0, 0.0, 0.0, -11.36078431372549, -10.066115702479339, -6.4958677685950414, 0.4462809917355372, -0.6810344827586207, 0.0, 0.0, 0.0, -20.634241245136188, 0.0, 24.594202898550726, 1.9493670886075949, 0.0, 1.2100840336134453, 0.8135593220338984, -16.0, 0.0, 0.0, 0.0, 0.9152542372881356, 0.0, 0.0, -0.6120689655172413, -12.86, 0.0, -14.482490272373541, 0.9230769230769231, 0.0, -6.955465587044534, 0.6808510638297872, 0.0, -2.6378600823045266, -9.911646586345382, 0.0, 1.3617021276595744, 0.0, 0.0, 0.0, -3.6108786610878663, 0.0, 12.412955465587045, 0.0, 0.7012987012987013, 0.0, -11.708, -17.623076923076923, 0.0, 12.432, -16.818181818181817, 0.0, 6.029166666666667, 0.0, -7.008230452674897, 0.6695278969957081, 0.0, 0.0, 0.0, 0.0, 1.2307692307692308, 3.4583333333333335, 0.0, 1.7344398340248963, 0.0, 0.0, -13.056451612903226, 0.0, 2.0084388185654007, 0.0, 1.11864406779661, 0.0, 0.0, 0.0, -2.2051282051282053, 0.0, 0.0, 0.0, 0.0, 0.0, 0.0, 0.0, -10.714285714285714, -13.14516129032258, -5.081632653061225, -9.788844621513944, 0.0, 0.0, 3.6487603305785123, 0.0, 0.0, 0.0, -13.464, 0.853448275862069, 0.0, 0.0, -3.929460580912863, 0.0, 0.0, 0.0, 0.0, 0.0, 0.0, 0.0, 0.0, 0.6982758620689655, 0.0, 3.190871369294606, 7.966804979253112, -9.360323886639677, 0.0, 0.0, 0.0, 0.0, -13.302788844621514, 0.0, 0.0, 0.7854077253218884},{5.575, -5.688976377952756, 2.297872340425532, -2.0504201680672267, 0.0, 3.5084745762711864, 2.1531914893617023, 7.86, 2.6595744680851063, 17.346303501945524, 0.0, 2.902127659574468, 4.917695473251029, 0.32644628099173556, 0.0, 0.0, 1.3983050847457628, 2.542372881355932, -5.705882352941177, -1.8487394957983194, -2.3734439834024896, -1.297872340425532, -9.379591836734694, 1.446808510638298, 3.481012658227848, 3.3983402489626555, -5.235537190082645, 0.0, 1.3702127659574468, 9.363265306122448, 11.611336032388664, -2.2768595041322315, -0.8298755186721992, -0.33766233766233766, 0.6808510638297872, 2.127659574468085, -1.5957446808510638, 1.5106382978723405, -0.8448275862068966, 0.8205128205128205, 10.6171875, 0.9743589743589743, 0.0, -7.381742738589212, 0.0, -0.7692307692307693, 1.3829787234042554, 0.3895582329317269, -2.2426778242677825, 1.3404255319148937, -1.7542372881355932, 0.0, 1.452991452991453, -7.439834024896266, -0.4430379746835443, 1.872340425531915, -2.2394957983193278, -1.6192468619246863, 2.516949152542373, 1.297872340425532, 0.0, 7.134693877551021, -13.236, 0.39914163090128757, 1.8487394957983194, -0.9451476793248945, -2.5677966101694913, -1.6611570247933884, 3.4893617021276597, 0.0, -5.198312236286919, 1.1702127659574468, -1.3291139240506329, 8.693877551020408, 9.239043824701195, 4.386831275720165, 5.5041322314049586, -1.6382978723404256, 0.0, 0.12554112554112554, -4.175, 0.8297872340425532, -3.76271186440678, -2.857142857142857, 4.033195020746888, 15.476377952755906, 8.653225806451612, 0.0, -0.2575107296137339, 0.8362068965517241, -1.1518987341772151, 2.1265822784810124, -1.546218487394958, 0.0, -1.8297872340425532, 7.412955465587045, 2.429787234042553, 2.0382978723404257, -7.048387096774194, 1.148936170212766, 0.0, 0.851063829787234, 0.8936170212765957, 1.7872340425531914, -0.028688524590163935, 7.048582995951417, -2.9747899159663866, 0.0, 7.4125, 1.574468085106383, 2.9916666666666667, 9.279352226720647, -1.9835390946502058, 4.4896265560165975, 0.0, -2.8284518828451883, -4.218487394957983, 2.0851063829787235, 1.851063829787234, 1.0517241379310345, 0.0, -16.484496124031008, 1.1914893617021276, 1.851063829787234, 0.7339055793991416, 1.5106382978723405, 3.1012658227848102, 1.5106382978723405, -1.7698744769874477, -1.3829787234042554, 0.0, 1.9787234042553192, -1.6595744680851063, 0.6808510638297872, 0.0, 8.951417004048583, -1.5439330543933054, 0.6595744680851063, 8.243801652892563, 1.3446808510638297, -18.634241245136188, 1.851063829787234, 0.0, 1.4893617021276595, -1.1518987341772151, 1.3829787234042554, 1.5106382978723405, -1.11864406779661, 2.9917355371900825, -1.6016949152542372, -3.203319502074689},{-4.131147540983607, -5.639004149377594, 0.0, -8.840816326530613, 0.0, 0.0, 0.0, 16.496031746031747, 0.0, 0.0, -12.265384615384615, 4.314516129032258, 20.841509433962266, 0.0, 0.0, 0.0, 1.3220338983050848, 0.0, -0.9259259259259259, 0.0, -2.4873949579831933, 0.0, 0.0, 0.0, 0.0, 19.65891472868217, 4.481171548117155, 0.0, -2.929460580912863, -2.297872340425532, -7.071428571428571, 10.46987951807229, 0.0, 5.7053941908713695, -6.917355371900826, -2.5833333333333335, -1.0769230769230769, 4.708333333333333, -7.983471074380165, -7.2727272727272725, -18.0, 0.0, 0.0, 0.0, 0.0, -5.966666666666667, 0.0, 19.617760617760617, -5.746887966804979, -6.514644351464435, 0.0, -2.485355648535565, 0.0, 0.0, 0.0, 0.0, 0.0, -6.050209205020921, 2.730612244897959, 0.0, 0.0, 2.2244897959183674, -0.5407725321888412, -2.711297071129707, -2.071129707112971, -1.2553191489361701, -9.68, 5.036585365853658, 0.0, 0.0, -8.155102040816326, 0.0, -3.0638297872340425, -6.661417322834645, -8.831325301204819, 3.503968253968254, 6.178861788617886, -5.867768595041323, 0.0, 2.059322033898305, 0.0, 0.0, 3.1666666666666665, -18.155378486055778, 0.0, 0.0, -14.220472440944881, 4.074074074074074, -0.29045643153526973, 0.0, -6.476987447698745, 0.0, 0.0, -4.725738396624473, 0.0, 13.542635658914728, 1.3728813559322033, -1.055793991416309, -1.71875, 0.7692307692307693, -2.937238493723849, 0.0, 0.0, -5.074380165289257, -18.95330739299611, 14.65891472868217, -4.372881355932203, 0.0, 0.0, -3.2288135593220337, 24.65019011406844, 0.0, -1.1072961373390557, 0.0, 0.0, 2.5, -3.3248945147679323, 1.8760330578512396, -1.055793991416309, 0.0, 0.0, 0.0, 0.0, 2.2594142259414225, -4.462809917355372, 4.833333333333333, 0.0, -2.567901234567901, 0.0, 0.0, 0.0, 0.0, 0.0, 0.0, 0.0, 0.0, 0.0, 4.368200836820083, -0.3949579831932773, 0.0, 0.0, 2.857142857142857, 0.0, 5.526748971193416, -3.2941176470588234, 0.0, -4.462809917355372, 0.0, -9.083333333333334, -0.5665236051502146, -8.105691056910569},{6.755186721991701, 0.0, 0.0, -3.788381742738589, -4.008298755186722, -4.333333333333333, -5.477178423236515, -10.902040816326531, -4.16597510373444, -1.728813559322034, -1.3291139240506329, 0.940677966101695, 0.0, 0.0, -1.3983050847457628, -1.3220338983050848, 0.0, -3.5443037974683542, -7.6970954356846475, -3.630252100840336, 0.0, 1.7322175732217573, 1.271186440677966, -0.940677966101695, 5.369294605809128, 0.0, -8.8, 6.036734693877551, -6.265560165975104, 5.566666666666666, 0.0, -9.98360655737705, 4.405857740585774, -7.586776859504132, -2.995798319327731, 0.0, 0.0, 4.330578512396694, -3.6115702479338845, -6.2510460251046025, -0.9361702127659575, -5.355371900826446, -3.630252100840336, 0.0, -4.9421487603305785, -0.38626609442060084, 4.095041322314049, 4.0578512396694215, 2.4873949579831933, 0.0, -2.4583333333333335, -4.512396694214876, 2.364406779661017, -8.955102040816326, 3.697478991596639, 4.302521008403361, -4.33609958506224, -4.095435684647303, -1.7215189873417722, -3.4261603375527425, 0.0, -3.425531914893617, -9.979757085020243, -3.495798319327731, -3.763485477178423, -3.160337552742616, 2.28099173553719, -9.78225806451613, 4.630705394190872, 0.0, 0.0, -3.8487394957983194, 0.0, 7.7317073170731705, -1.452991452991453, 2.3135593220338984, 0.0, 2.422594142259414, -4.838174273858921, 0.0, 1.6260504201680672, -3.630252100840336, -5.648535564853557, 0.0, -3.088235294117647, 0.0, 0.0, -0.5, -0.8755364806866953, -1.2966101694915255, -2.899581589958159, -1.890295358649789, 2.970833333333333, 0.0, 0.5811965811965812, -1.1106382978723404, 0.0, 0.8936170212765957, 4.662551440329218, 1.8451882845188285, -1.11864406779661, 0.0, -2.5684647302904566, -4.360995850622406, -7.219917012448133, -1.358649789029536, 0.851063829787234, 0.0, -0.2765957446808511, -2.588235294117647, 0.0, 6.536585365853658, -5.647058823529412, -4.100840336134453, 3.4166666666666665, 2.697478991596639, 0.9361702127659575, 1.2076271186440677, -1.805084745762712, -3.5294117647058822, -3.630252100840336, 6.794238683127572, 0.0, 2.2742616033755274, -3.235294117647059, -5.8879668049792535, 0.17167381974248927, -7.224489795918367, 3.2083333333333335, 3.3907563025210083, 9.299595141700404, -4.286307053941909, 7.041666666666667, -3.9539748953974896, -1.8432203389830508, -2.3389830508474576, 11.673306772908367, -5.950413223140496, 0.0, -3.564853556485356, 4.541666666666667, 4.443514644351464, 0.0, -4.962655601659751, 0.0, -3.042194092827004, -4.83402489626556, -2.1610169491525424, 0.0, -2.6440677966101696, -7.31404958677686},{-1.0686695278969958, 0.0, -0.9063829787234042, 0.0, 0.0, -2.9166666666666665, 0.0, 5.1203319502074685, 0.0, 0.0, -2.6666666666666665, 0.0, 3.4556962025316458, 0.0, -2.542372881355932, 0.0, 3.5443037974683542, 0.0, -4.008474576271187, 0.0, 0.0, 0.0, 0.0, 0.0, 0.0, 0.0, 0.0, 0.0, -0.36796536796536794, -2.888888888888889, -8.68825910931174, 0.983739837398374, 0.0, 0.0, 0.0, 0.0, -9.094650205761317, 0.0, -7.586776859504132, -5.753086419753086, 0.0, 0.0, 0.0, -13.378486055776893, 0.0, -2.908333333333333, 0.5108225108225108, 0.0, -1.3275862068965518, 0.0, -0.9827586206896551, 0.0, -0.38626609442060084, 0.0, 0.0, 2.1841004184100417, 0.0, 0.0, 0.0, 0.0, -2.4074074074074074, 4.932773109243698, 0.0, 0.0, -0.7155172413793104, 0.0, -4.053941908713693, 0.0, 0.0, 0.0, -7.065573770491803, -0.7672413793103449, 0.0, -1.2100840336134453, 9.153846153846153, 7.938775510204081, 2.2742616033755274, 13.099601593625499, 0.0, 0.0, 0.0, 0.0, -3.697478991596639, 0.0, 0.8448275862068966, 5.333333333333333, 0.0, 0.0, -4.958333333333333, 0.0, -7.586776859504132, 0.0, 0.0, -4.135021097046414, 1.9493670886075949, 8.073469387755102, 16.873015873015873, 0.0, 0.0, 0.0, 0.0, 2.0756302521008405, 0.0, 0.0, 0.0, -1.919831223628692, 0.0, -2.2711864406779663, 0.0, -1.851063829787234, 0.0, 0.0, -5.568464730290456, 0.0, 0.0, 0.0, 0.0, 0.0, 0.0, 0.0, 0.0, 0.0, 0.0, 0.0, 0.0, 0.0, 0.29310344827586204, 0.0, 0.0, 0.0, 0.0, 0.0, 0.0, 0.0, 0.0, 0.0, 0.0, 0.0, 9.323770491803279, 0.0, 0.0, 0.0, 0.0, -0.3879310344827586, -6.25, 0.0, 0.0, 0.0, 0.0, 0.0, -3.8912133891213387},{-2.2103174603174605, 13.884462151394422, 24.456603773584906, -14.474708171206226, 11.164658634538153, 0.9913793103448276, 6.6938775510204085, -9.036144578313253, -14.736220472440944, -11.391129032258064, -19.5, 13.072289156626505, 26.187265917602996, -1.116, 5.705882352941177, 0.9259259259259259, 7.6970954356846475, 4.008474576271187, 0.0, -0.8205128205128205, -2.7468354430379747, 2.723404255319149, 6.765432098765432, 1.4935622317596566, 7.674897119341564, 7.395161290322581, 7.102880658436214, 3.1844262295081966, 13.452, -10.801556420233464, -9.987704918032787, 20.015810276679844, 14.071146245059289, 4.805084745762712, 1.76890756302521, 9.045267489711934, 8.493975903614459, 12.129554655870445, -1.2148760330578512, 9.0, -5.813278008298755, 1.2340425531914894, 2.978723404255319, -1.3967611336032388, 2.2231404958677685, 1.2966101694915255, 1.7253218884120172, 4.085106382978723, 0.8717948717948718, 2.888888888888889, 10.353413654618475, 2.2660944206008584, 2.7983193277310923, 11.0, -7.752988047808765, 2.2100840336134455, 6.793388429752066, 6.743801652892562, 10.124497991967871, 7.840816326530613, 1.8781512605042017, -12.076305220883533, 0.0, 2.308016877637131, 24.667924528301885, 0.5278969957081545, -15.936758893280633, 11.602409638554217, 3.526530612244898, 3.819672131147541, -3.130801687763713, 1.0638297872340425, 4.310204081632653, -12.920318725099602, -10.12295081967213, 12.838709677419354, 12.292, 2.278969957081545, 0.8936170212765957, 6.00836820083682, 2.854771784232365, 0.8723404255319149, 1.0258620689655173, 2.8728813559322033, -14.596078431372549, -6.070539419087137, -13.59288537549407, 8.346774193548388, 9.880952380952381, 11.38152610441767, 6.918032786885246, 6.1234567901234565, 0.940677966101695, 0.0, 1.0212765957446808, -10.336065573770492, 5.8312757201646095, 0.8626609442060086, -3.223140495867768