{0.0, -4.394422310756972, -1.406374501992032, -0.3024193548387097, -0.276, 1.6653386454183268, -2.791164658634538, -1.5301204819277108, -0.7848605577689243, -0.8458498023715415, -0.164, 2.4087301587301586, -6.49800796812749, -2.0119521912350598, -0.483739837398374, 1.8884462151394423, 1.3895582329317269, 1.2289156626506024, -1.1872509960159363, 0.3967611336032389, 0.3983739837398374, 6.265060240963855, 1.4860557768924303, 1.2230769230769232, -1.921259842519685, -4.2727272727272725, 1.2195121951219512, 3.107142857142857, 0.8380566801619433, 0.8790322580645161, -2.245967741935484, -3.204, -1.0354330708661417, -0.8137651821862348, -4.706827309236948, 0.7619047619047619, -3.1807692307692306, 0.12195121951219512, -2.8293650793650795, -0.34523809523809523, -2.57421875, 2.9282868525896415, -3.6692015209125475, -0.1111111111111111, 1.2540322580645162, 0.43775100401606426, -0.7587548638132295, -1.0317460317460319, 6.047244094488189, 1.095617529880478, -1.3855421686746987},{4.394422310756972, 0.0, 0.615686274509804, -0.7047244094488189, 0.3132530120481928, -5.9494163424124515, -0.30864197530864196, 0.0, 3.055776892430279, -8.307086614173228, 2.6626984126984126, 2.3568627450980393, 2.3266932270916336, 7.774703557312253, -5.342412451361867, -14.965648854961833, 3.94, 0.41767068273092367, 6.5, -0.22821576763485477, 6.362549800796812, -6.330677290836653, 1.2073170731707317, -3.7868217054263567, -12.90566037735849, -1.2, -6.596078431372549, 3.99609375, 1.5238095238095237, 0.17012448132780084, 0.5121951219512195, -0.12156862745098039, -12.817490494296578, 0.4251012145748988, 4.669322709163347, -17.01127819548872, 0.0, 7.090196078431372, 15.354716981132075, -0.8292682926829268, -1.588, -3.9603174603174605, 0.9061224489795918, 0.0, -1.2258064516129032, -2.247011952191235, 8.31640625, -2.268292682926829, -3.362549800796813, -18.05639097744361, -4.379446640316205},{1.406374501992032, -0.615686274509804, 0.0, -0.48148148148148145, 0.6265060240963856, -1.5524193548387097, -4.3843137254901965, -2.632411067193676, 7.5, 0.7024793388429752, 0.21487603305785125, 4.080321285140562, -0.7673469387755102, 0.06557377049180328, 0.0, -1.6205533596837944, 3.205533596837945, 0.0, -0.47107438016528924, -0.11020408163265306, 0.0, 0.48360655737704916, 1.105263157894737, 0.7983870967741935, 0.0, 0.2809917355371901, 0.6844262295081968, -1.928, 0.0, -1.2591093117408907, -0.08032128514056225, 5.153543307086614, 0.0, 0.8024691358024691, -0.4918032786885246, -1.437246963562753, 0.0, 0.345679012345679, 0.5020408163265306, 3.0524193548387095, 2.02834008097166, 5.682352941176471, 5.19921875, -0.1908713692946058, 0.25925925925925924, -1.4056224899598393, 0.18548387096774194, -0.4896265560165975, -1.6275303643724697, -0.15510204081632653, -0.3765182186234818},{0.3024193548387097, 0.7047244094488189, 0.48148148148148145, 0.0, -0.8395061728395061, 0.0, 0.0, -0.9196787148594378, 0.22406639004149378, -0.8852459016393442, 0.36099585062240663, 0.8714859437751004, 13.232558139534884, 0.8765432098765432, 0.2987551867219917, -0.5365853658536586, -4.312252964426878, 0.47540983606557374, 0.0, 0.5679012345679012, 1.1862348178137652, 6.456, 12.82442748091603, -1.25, 0.3292181069958848, 0.3603238866396761, 0.39669421487603307, 3.244, 0.5673469387755102, 1.2995951417004048, 0.0, -0.864, 0.4066390041493776, 0.23236514522821577, 0.3333333333333333, -1.110655737704918, 3.710843373493976, 0.0, -0.008130081300813009, -11.463320463320464, 0.13934426229508196, 0.8778625954198473, 3.8924302788844622, 0.7349397590361446, 0.0, 0.7090163934426229, -0.26639344262295084, 0.21311475409836064, -0.5894308943089431, -1.935483870967742, 2.4031620553359683},{0.276, -0.3132530120481928, -0.6265060240963856, 0.8395061728395061, 0.0, 0.16049382716049382, 1.036144578313253, 0.1606425702811245, 0.0, -0.4074074074074074, 0.0, 1.732, -4.884462151394422, 1.2032520325203253, 0.0, -0.11020408163265306, -3.1235059760956174, 0.0, -0.5959183673469388, 0.15637860082304528, -1.6153846153846154, -13.758620689655173, 9.749034749034749, 0.416, -0.16326530612244897, 0.0, 0.6938775510204082, -10.303846153846154, 0.4444444444444444, -0.44308943089430897, -1.2834008097165992, -1.9959677419354838, 0.0, 0.0, -0.08713692946058091, -0.6748971193415638, -1.0551181102362204, -0.1322314049586777, -0.8830645161290323, 3.2890625, 0.2962962962962963, 4.836, 3.98828125, 2.3188976377952755, 0.0, -1.145748987854251, 0.0, 1.0, 0.0, -0.9180327868852459, -0.6048387096774194},{-1.6653386454183268, 5.9494163424124515, 1.5524193548387097, 0.0, -0.16049382716049382, 0.0, -0.06611570247933884, 3.0200803212851404, 0.0, 0.0, -0.15702479338842976, 1.757085020242915, -0.4493927125506073, 0.0, 0.0, 0.0, -3.048, -0.14937759336099585, 0.0, 0.3884297520661157, -3.5737051792828685, 2.0404858299595143, 4.086614173228346, -1.6169354838709677, 0.0, 0.0, 0.35365853658536583, 0.3306122448979592, 0.0, -0.15352697095435686, 0.0, -2.476, 0.11618257261410789, 0.0, -6.361111111111111, -0.2222222222222222, 1.9676113360323886, 0.0, -0.12295081967213115, 0.6557377049180327, 0.32231404958677684, -14.393129770992367, 7.373540856031128, 2.9516129032258065, 0.0, -0.20987654320987653, 0.0, 0.0, 0.0, -0.17427385892116182, -1.1147540983606556},{2.791164658634538, 0.30864197530864196, 4.3843137254901965, 0.0, -1.036144578313253, 0.06611570247933884, 0.0, 5.605577689243028, 0.49795918367346936, -3.1314741035856573, 4.804, -3.3529411764705883, -3.0039525691699605, 3.6877470355731226, 0.0, 8.4375, 1.5772357723577235, -1.3293172690763053, 3.188976377952756, 0.9387755102040817, 0.0, 3.2103174603174605, 5.0, -2.505928853754941, -0.6626016260162602, 0.0, 0.4713114754098361, 1.216867469879518, 1.0647773279352226, 0.6194331983805668, 0.1037344398340249, -1.104, -1.0717131474103585, 0.3900414937759336, -4.462450592885376, -2.9960474308300395, -4.826086956521739, 2.1075697211155378, 0.5975609756097561, 0.1825726141078838, -0.5180722891566265, -9.837837837837839, 7.488372093023256, -11.215384615384615, -0.3673469387755102, 4.707509881422925, -13.224334600760455, -0.1346938775510204, 0.8975409836065574, 7.858267716535433, 4.834008097165992},{1.5301204819277108, 0.0, 2.632411067193676, 0.9196787148594378, -0.1606425702811245, -3.0200803212851404, -5.605577689243028, 0.0, 2.566265060240964, -1.9173228346456692, 0.7530864197530864, -0.5819672131147541, 0.0, 7.7063492063492065, -0.40963855421686746, 1.6956521739130435, 1.4919354838709677, 0.963265306122449, 1.9800796812749004, -0.23140495867768596, 0.0, -5.342629482071713, 1.7351778656126482, 2.244979919678715, 2.2862745098039214, -1.3754940711462451, 4.708, 2.9116465863453813, 0.6979591836734694, 0.0, -1.5180722891566265, 4.701195219123506, 0.30864197530864196, 1.1224489795918366, 0.448559670781893, 6.068181818181818, 0.0, 2.8452380952380953, 0.4186991869918699, -2.152941176470588, 0.7868852459016393, -3.905511811023622, -0.6967213114754098, 0.0, -1.089430894308943, -0.19591836734693877, 3.34251968503937, -3.14, -1.3224489795918368, 1.8537549407114624, -0.5783132530120482},{0.7848605577689243, -3.055776892430279, -7.5, -0.22406639004149378, 0.0, 0.0, -0.49795918367346936, -2.566265060240964, 0.0, -8.145098039215686, -3.276, -0.29838709677419356, 0.0, 2.984, -0.6115702479338843, -0.5081967213114754, 0.36099585062240663, 0.0, -0.2962962962962963, 0.2550607287449393, -1.1865079365079365, -5.407114624505929, 0.10699588477366255, 2.4096385542168677, -0.16942148760330578, -1.0816326530612246, 0.0, 1.1219512195121952, -0.78099173553719, -0.2653061224489796, -2.1707317073170733, -2.177865612648221, 0.2863070539419087, 0.0, 0.14049586776859505, -3.248995983935743, -1.7791164658634537, -0.2962962962962963, 0.3401639344262295, -5.928571428571429, -2.4634146341463414, 0.24701195219123506, -1.5502008032128514, -1.5783132530120483, -2.451219512195122, 1.5161290322580645, 0.06639004149377593, -0.6033057851239669, -10.034749034749035, -0.38934426229508196, 0.7073170731707317},{0.8458498023715415, 8.307086614173228, -0.7024793388429752, 0.8852459016393442, 0.4074074074074074, 0.0, 3.1314741035856573, 1.9173228346456692, 8.145098039215686, 0.0, 0.3305785123966942, 0.639344262295082, -10.290076335877863, 13.197718631178708, 0.0, 0.0, 3.7777777777777777, 2.4, 0.0, 0.13114754098360656, 2.4701195219123506, 0.46938775510204084, 0.69921875, -0.1652892561983471, -0.3333333333333333, -0.19838056680161945, 0.0, 0.04878048780487805, 0.16182572614107885, -0.2, -1.736842105263158, 7.848249027237354, 0.0, 0.4262295081967213, 7.479087452471483, -0.7254098360655737, -1.0963855421686748, 0.0, 0.8785425101214575, -2.5198412698412698, 0.7877551020408163, 12.473880597014926, 3.184, -0.012096774193548387, 0.0, -1.4918032786885247, 0.0, -0.6352459016393442, -1.4129554655870444, -0.1908713692946058, -4.318548387096774},{0.164, -2.6626984126984126, -0.21487603305785125, -0.36099585062240663, 0.0, 0.15702479338842976, -4.804, -0.7530864197530864, 3.276, -0.3305785123966942, 0.0, 0.7886178861788617, -0.1306122448979592, 0.6954732510288066, 0.0, 0.0, -1.6733870967741935, -0.4156378600823045, 0.0, 2.268, 0.0, -3.6126482213438735, -0.36, 3.652, 0.01646090534979424, -2.432, 0.0, 5.820717131474104, -0.09876543209876543, -0.15767634854771784, 0.2716049382716049, 7.078431372549019, -0.09053497942386832, 0.0, 0.2601626016260163, -0.4049586776859504, -0.19834710743801653, 0.0, -1.606425702811245, -5.216216216216216, -0.10743801652892562, 3.8884615384615384, -12.866412213740459, -0.12244897959183673, 0.08264462809917356, 0.5983606557377049, -0.6518218623481782, -0.18181818181818182, 0.4016393442622951, -0.12033195020746888, -0.5425101214574899},{-2.4087301587301586, -2.3568627450980393, -4.080321285140562, -0.8714859437751004, -1.732, -1.757085020242915, 3.3529411764705883, 0.5819672131147541, 0.29838709677419356, -0.639344262295082, -0.7886178861788617, 0.0, 1.6345381526104417, 17.84269662921348, -0.5308641975308642, 9.007722007722007, 8.12156862745098, 1.4216867469879517, 2.9921259842519685, -0.16597510373443983, 6.3726235741444865, 2.8306451612903225, -3.4, -0.5950413223140496, -0.2644628099173554, -4.252964426877471, -0.26720647773279355, 2.324, -0.3183673469387755, -1.056, 6.207843137254902, 5.717557251908397, 0.23140495867768596, 0.39271255060728744, -2.0229885057471266, -3.9133858267716537, -0.23140495867768596, -0.6788617886178862, 0.7073170731707317, 1.4516129032258065, 5.166666666666667, 1.9268292682926829, -0.6901960784313725, 0.0, 0.24489795918367346, -0.892, -4.476190476190476, -1.3786008230452675, -13.387832699619771, -2.408, -1.353658536585366},{6.49800796812749, -2.3266932270916336, 0.7673469387755102, -13.232558139534884, 4.884462151394422, 0.4493927125506073, 3.0039525691699605, 0.0, 0.0, 10.290076335877863, 0.1306122448979592, -1.6345381526104417, 0.0, -0.6419753086419753, 7.5, 10.126436781609195, 10.744274809160306, -0.5510204081632653, -0.32098765432098764, 0.5102040816326531, 10.046875, 12.274131274131275, 0.2033195020746888, 5.482213438735178, 0.6326530612244898, 0.14049586776859505, -6.16600790513834, 0.29554655870445345, 0.9722222222222222, -1.1224489795918366, 2.5384615384615383, 5.412, 6.893280632411067, -4.410358565737051, -0.45901639344262296, 8.072, -0.8502024291497976, 7.467181467181467, -1.5020242914979758, 8.360153256704981, 1.9143968871595332, 2.3873517786561265, 0.0, 0.0, 1.6867469879518073, -2.3784860557768925, 4.792156862745098, -6.105882352941176, -1.736842105263158, 3.187250996015936, 4.349397590361446},{2.0119521912350598, -7.774703557312253, -0.06557377049180328, -0.8765432098765432, -1.2032520325203253, 0.0, -3.6877470355731226, -7.7063492063492065, -2.984, -13.197718631178708, -0.6954732510288066, -17.84269662921348, 0.6419753086419753, 0.0, -0.3347107438016529, -0.0995850622406639, -5.800796812749004, -0.26141078838174275, 0.0, -1.389763779527559, -0.2809917355371901, -11.884615384615385, -4.669322709163347, 8.7890625, 0.0, -1.6265060240963856, -2.052, 0.46586345381526106, -0.22821576763485477, -0.12863070539419086, 0.0, -4.472222222222222, 0.7420634920634921, -2.1485943775100402, -0.5142857142857142, -0.8888888888888888, 1.75, 0.0, -3.701550387596899, -12.243243243243244, -0.12033195020746888, 1.742063492063492, 5.592452830188679, -0.46558704453441296, -0.15352697095435686, 0.2857142857142857, 0.0, -0.19421487603305784, 0.0, -0.256198347107438, 5.106299212598425},{0.483739837398374, 5.342412451361867, 0.0, -0.2987551867219917, 0.0, 0.0, 0.0, 0.40963855421686746, 0.6115702479338843, 0.0, 0.0, 0.5308641975308642, -7.5, 0.3347107438016529, 0.0, 0.24691358024691357, 3.032258064516129, -0.4132231404958678, 0.4098360655737705, 2.714859437751004, 0.0, 2.443548387096774, -0.19834710743801653, -2.153225806451613, 0.1825726141078838, -0.09053497942386832, 0.0, -6.788235294117647, 0.4444444444444444, -1.724, -0.36363636363636365, -3.2903225806451615, 0.18672199170124482, 0.0, -6.664092664092664, -0.1487603305785124, 7.488636363636363, 0.0, 0.03278688524590164, 0.9958847736625515, 0.1825726141078838, 3.924901185770751, -11.042635658914728, 0.3673469387755102, 0.0, -0.563265306122449, 0.5341365461847389, 0.0, 6.170542635658915, 0.0, 0.0},{-1.8884462151394423, 14.965648854961833, 1.6205533596837944, 0.5365853658536586, 0.11020408163265306, 0.0, -8.4375, -1.6956521739130435, 0.5081967213114754, 0.0, 0.0, -9.007722007722007, -10.126436781609195, 0.0995850622406639, -0.24691358024691357, 0.0, -0.5344129554655871, 0.30864197530864196, 0.0, 0.0, -0.7983870967741935, 1.0532786885245902, -0.264, 4.624, 0.3950617283950617, -8.32046332046332, 0.0, 7.572549019607843, 0.27346938775510204, -0.27800829875518673, -0.12396694214876033, -3.3815261044176705, 0.4132231404958678, 0.30864197530864196, -5.0436507936507935, -0.46938775510204084, 0.5555555555555556, 0.0, -0.8658536585365854, -8.81640625, -1.672, -0.5140562248995983, 3.2267206477732793, 0.47107438016528924, 0.0, -0.2396694214876033, 0.09876543209876543, 0.0, -2.631372549019608, 0.0, -0.1652892561983471},{-1.3895582329317269, -3.94, -3.205533596837945, 4.312252964426878, 3.1235059760956174, 3.048, -1.5772357723577235, -1.4919354838709677, -0.36099585062240663, -3.7777777777777777, 1.6733870967741935, -8.12156862745098, -10.744274809160306, 5.800796812749004, -3.032258064516129, 0.5344129554655871, 0.0, -0.2863070539419087, 2.1411290322580645, 7.782608695652174, 0.0, 0.0, -0.09387755102040816, -8.326848249027238, 2.144, 0.0, -2.0121457489878543, -7.44488188976378, -0.371900826446281, 2.136, 0.0, -3.9206349206349205, -2.1646586345381524, 0.0, -3.8300395256916997, 0.97165991902834, -1.4274193548387097, 1.935483870967742, -3.0728744939271255, -0.9387755102040817, -0.26141078838174275, -0.622568093385214, -15.116981132075471, -3.766798418972332, -0.3760330578512397, -0.5428571428571428, 7.7063492063492065, -2.714859437751004, 2.908, 1.7246963562753037, 0.0},{-1.2289156626506024, -0.41767068273092367, 0.0, -0.47540983606557374, 0.0, 0.14937759336099585, 1.3293172690763053, -0.963265306122449, 0.0, -2.4, 0.4156378600823045, -1.4216867469879517, 0.5510204081632653, 0.26141078838174275, 0.4132231404958678, -0.30864197530864196, 0.2863070539419087, 0.0, -4.32, 0.01646090534979424, 0.0, -1.1755102040816328, 19.888059701492537, -0.5409836065573771, 0.20164609053497942, -2.5118110236220472, -0.5510204081632653, 1.912, -0.25102880658436216, -0.1825726141078838, 0.0, -0.8770491803278688, -0.13991769547325103, 0.0, 0.0, 0.0, -0.6475409836065574, 0.0, 5.845559845559846, -17.49264705882353, 0.48360655737704916, 3.5019607843137255, -1.502008032128514, -0.09236947791164658, 0.0, -0.8360655737704918, -0.040983606557377046, 0.0, 0.11203319502074689, 0.9068825910931174, -2.576},{1.1872509960159363, -6.5, 0.47107438016528924, 0.0, 0.5959183673469388, 0.0, -3.188976377952756, -1.9800796812749004, 0.2962962962962963, 0.0, 0.0, -2.9921259842519685, 0.32098765432098764, 0.0, -0.4098360655737705, 0.0, -2.1411290322580645, 4.32, 0.0, 1.8764940239043826, -0.25311203319502074, 7.698412698412699, 0.4581673306772908, 3.0393700787401574, -0.4380165289256198, -0.1728395061728395, 0.0, -7.318897637795276, 4.06, -3.6745098039215685, -0.9068825910931174, -10.47148288973384, -0.2163265306122449, 0.17695473251028807, -0.3983402489626556, -1.2, 0.0, 0.0, -1.060483870967742, 10.859315589353612, 0.2892561983471074, 4.086956521739131, 4.91254752851711, 0.0, 0.0, -0.7165991902834008, 0.746938775510204, 5.108, -1.8693877551020408, 0.0, 0.34439834024896265},{-0.3967611336032389, 0.22821576763485477, 0.11020408163265306, -0.5679012345679012, -0.15637860082304528, -0.3884297520661157, -0.9387755102040817, 0.23140495867768596, -0.2550607287449393, -0.13114754098360656, -2.268, 0.16597510373443983, -0.5102040816326531, 1.389763779527559, -2.714859437751004, 0.0, -7.782608695652174, -0.01646090534979424, -1.8764940239043826, 0.0, 0.30864197530864196, -9.537254901960784, 0.9486166007905138, 0.371900826446281, 0.0, -0.1885245901639344, 0.45714285714285713, -0.4672131147540984, 0.1825726141078838, -0.1037344398340249, -1.5863453815261044, -0.9556451612903226, 0.0995850622406639, 0.22821576763485477, -0.4444444444444444, -1.1653225806451613, 0.02459016393442623, -0.4132231404958678, -0.5365853658536586, -0.5060240963855421, -1.2244897959183674, 1.8617886178861789, 0.8941176470588236, 0.1991701244813278, 0.0, -1.0617283950617284, -0.37037037037037035, -0.9554655870445344, -1.6827309236947792, -0.6049382716049383, -1.972},{-0.3983739837398374, -6.362549800796812, 0.0, -1.1862348178137652, 1.6153846153846154, 3.5737051792828685, 0.0, 0.0, 1.1865079365079365, -2.4701195219123506, 0.0, -6.3726235741444865, -10.046875, 0.2809917355371901, 0.0, 0.7983870967741935, 0.0, 0.0, 0.25311203319502074, -0.30864197530864196, 0.0, 0.0, -0.8326530612244898, -13.96958174904943, 0.12396694214876033, 0.0, -0.8582995951417004, 5.74609375, 1.0853658536585367, 0.9024390243902439, 0.0, 18.612781954887218, 0.2979591836734694, 0.0, 0.0, -0.1111111111111111, -9.19767441860465, -2.761904761904762, -3.3137254901960786, -6.4296875, -0.2066115702479339, 8.171206225680933, -19.88888888888889, 0.0, 0.0, 0.12448132780082988, 2.86, 0.0, 1.3142857142857143, 0.0, 0.0},{-6.265060240963855, 6.330677290836653, -0.48360655737704916, -6.456, 13.758620689655173, -2.0404858299595143, -3.2103174603174605, 5.342629482071713, 5.407114624505929, -0.46938775510204084, 3.6126482213438735, -2.8306451612903225, -12.274131274131275, 11.884615384615385, -2.443548387096774, -1.0532786885245902, 0.0, 1.1755102040816328, -7.698412698412699, 9.537254901960784, 0.0, 0.0, 2.16796875, -5.24609375, 8.588235294117647, -7.232283464566929, -0.053061224489795916, 5.035856573705179, 0.0, 5.6521739130434785, -0.23140495867768596, 7.680933852140078, -0.44308943089430897, 3.3952569169960474, 9.833976833976834, -5.86, -13.654275092936803, -2.0853658536585367, 1.015748031496063, -0.4834710743801653, 0.48148148148148145, -7.480314960629921, -7.578125, -7.28515625, 0.0, 0.053061224489795916, -2.336, -0.8536585365853658, 8.60236220472441, -0.18181818181818182, -2.57085020242915},{-1.4860557768924303, -1.2073170731707317, -1.105263157894737, -12.82442748091603, -9.749034749034749, -4.086614173228346, -5.0, -1.7351778656126482, -0.10699588477366255, -0.69921875, 0.36, 3.4, -0.2033195020746888, 4.669322709163347, 0.19834710743801653, 0.264, 0.09387755102040816, -19.888059701492537, -0.4581673306772908, -0.9486166007905138, 0.8326530612244898, -2.16796875, 0.0, -1.312, 8.147410358565738, 0.27235772357723576, -2.103585657370518, -3.5555555555555554, 6.302788844621514, -3.85546875, 0.13545816733067728, 5.08235294117647, -0.52734375, -0.17355371900826447, 2.88671875, 4.910852713178294, -1.185483870967742, -4.0813953488372094, -1.4534883720930232, -5.6156862745098035, 2.359375, -0.35080645161290325, 0.3765182186234818, -0.7658730158730159, 1.4274193548387097, 1.4285714285714286, 7.893129770992366, 6.590361445783133, -12.674418604651162, 0.7611336032388664, 1.423529411764706},{-1.2230769230769232, 3.7868217054263567, -0.7983870967741935, 1.25, -0.416, 1.6169354838709677, 2.505928853754941, -2.244979919678715, -2.4096385542168677, 0.1652892561983471, -3.652, 0.5950413223140496, -5.482213438735178, -8.7890625, 2.153225806451613, -4.624, 8.326848249027238, 0.5409836065573771, -3.0393700787401574, -0.371900826446281, 13.96958174904943, 5.24609375, 1.312, 0.0, -0.9629629629629629, 0.23293172690763053, 5.258964143426295, 3.7704280155642023, 3.2248995983935744, 16.39622641509434, 0.2066115702479339, 5.186770428015564, 0.75, -3.139442231075697, -6.4884615384615385, -0.15873015873015872, 0.15918367346938775, 1.3333333333333333, -2.246031746031746, 8.551181102362206, 9.972972972972974, -0.3170731707317073, -1.456, -1.429718875502008, 1.9314516129032258, -0.637065637065637, -5.735177865612648, 3.311023622047244, -5.231939163498099, 4.351778656126482, 3.8260869565217392},{1.921259842519685, 12.90566037735849, 0.0, -0.3292181069958848, 0.16326530612244897, 0.0, 0.6626016260162602, -2.2862745098039214, 0.16942148760330578, 0.3333333333333333, -0.01646090534979424, 0.2644628099173554, -0.6326530612244898, 0.0, -0.1825726141078838, -0.3950617283950617, -2.144, -0.20164609053497942, 0.4380165289256198, 0.0, -0.12396694214876033, -8.588235294117647, -8.147410358565738, 0.9629629629629629, 0.0, -1.8097165991902835, -0.6437246963562753, 0.0954356846473029, 0.2697095435684647, 0.0, -0.39669421487603307, 0.24691358024691357, 0.6363636363636364, 0.18181818181818182, 0.8729508196721312, 0.0, 0.01639344262295082, 0.29508196721311475, -0.5447154471544715, -3.3134920634920637, 0.23651452282157676, 4.074803149606299, 0.2056451612903226, 0.0, 0.0, -0.926530612244898, -0.4691358024691358, 0.11618257261410789, -0.9065040650406504, 0.0, -0.14634146341463414},{4.2727272727272725, 1.2, -0.2809917355371901, -0.3603238866396761, 0.0, 0.0, 0.0, 1.3754940711462451, 1.0816326530612246, 0.19838056680161945, 2.432, 4.252964426877471, -0.14049586776859505, 1.6265060240963856, 0.09053497942386832, 8.32046332046332, 0.0, 2.5118110236220472, 0.1728395061728395, 0.1885245901639344, 0.0, 7.232283464566929, -0.27235772357723576, -0.23293172690763053, 1.8097165991902835, 0.0, -0.27800829875518673, 0.05785123966942149, 3.64, 1.2040816326530612, -0.1322314049586777, -0.6831275720164609, -0.3333333333333333, 3.2817460317460316, 2.2289156626506026, 0.41975308641975306, -0.5668016194331984, 0.07883817427385892, 2.1507936507936507, -0.0954356846473029, 6.89453125, -4.395348837209302, -7.745247148288973, 1.6963562753036436, -0.19753086419753085, -1.1619433198380567, 7.134920634920635, -0.7428571428571429, -0.15352697095435686, -0.45714285714285713, 3.322834645669291},{-1.2195121951219512, 6.596078431372549, -0.6844262295081968, -0.39669421487603307, -0.6938775510204082, -0.35365853658536583, -0.4713114754098361, -4.708, 0.0, 0.0, 0.0, 0.26720647773279355, 6.16600790513834, 2.052, 0.0, 0.0, 2.0121457489878543, 0.5510204081632653, 0.0, -0.45714285714285713, 0.8582995951417004, 0.053061224489795916, 2.103585657370518, -5.258964143426295, 0.6437246963562753, 0.27800829875518673, 0.0, 1.1535433070866141, 0.4262295081967213, -0.2962962962962963, -0.8064516129032258, 0.4798387096774194, -0.21487603305785125, 0.0, 0.4262295081967213, -0.345679012345679, 0.21224489795918366, -0.058091286307053944, 0.12653061224489795, 0.319672131147541, 0.6979591836734694, 2.191235059760956, 2.984, 0.3821138211382114, 0.0, -2.710843373493976, -0.176, 0.0, 0.8524590163934426, -0.5327868852459017, -0.3983739837398374},{-3.107142857142857, -3.99609375, 1.928, -3.244, 10.303846153846154, -0.3306122448979592, -1.216867469879518, -2.9116465863453813, -1.1219512195121952, -0.04878048780487805, -5.820717131474104, -2.324, -0.29554655870445345, -0.46586345381526106, 6.788235294117647, -7.572549019607843, 7.44488188976378, -1.912, 7.318897637795276, 0.4672131147540984, -5.74609375, -5.035856573705179, 3.5555555555555554, -3.7704280155642023, -0.0954356846473029, -0.05785123966942149, -1.1535433070866141, 0.0, -1.2612244897959184, 0.3551020408163265, 0.09504132231404959, -1.625, -2.072289156626506, -6.035714285714286, -6.3700787401574805, -2.9606299212598426, 15.18796992481203, 6.582677165354331, -4.9147286821705425, -15.256603773584906, -6.446640316205533, 2.78, -2.5783132530120483, 5.181102362204724, -2.6, -4.929133858267717, -2.1169354838709675, 6.873015873015873, -2.5991902834008096, 4.16600790513834, -7.6156862745098035},{-0.8380566801619433, -1.5238095238095237, 0.0, -0.5673469387755102, -0.4444444444444444, 0.0, -1.0647773279352226, -0.6979591836734694, 0.78099173553719, -0.16182572614107885, 0.09876543209876543, 0.3183673469387755, -0.9722222222222222, 0.22821576763485477, -0.4444444444444444, -0.27346938775510204, 0.371900826446281, 0.25102880658436216, -4.06, -0.1825726141078838, -1.0853658536585367, 0.0, -6.302788844621514, -3.2248995983935744, -0.2697095435684647, -3.64, -0.4262295081967213, 1.2612244897959184, 0.0, 0.3760330578512397, -0.9183673469387755, -3.012, -0.16182572614107885, 0.2975206611570248, 0.5224489795918368, -2.992, 7.373015873015873, -0.08298755186721991, 0.6762295081967213, -4.9763779527559056, -0.1825726141078838, -8.217054263565892, -1.5875486381322956, -0.848, -0.1825726141078838, -0.11570247933884298, -0.8571428571428571, 0.0, 0.5245901639344263, -0.44813278008298757, -0.8688524590163934},{-0.8790322580645161, -0.17012448132780084, 1.2591093117408907, -1.2995951417004048, 0.44308943089430897, 0.15352697095435686, -0.6194331983805668, 0.0, 0.2653061224489796, 0.2, 0.15767634854771784, 1.056, 1.1224489795918366, 0.12863070539419086, 1.724, 0.27800829875518673, -2.136, 0.1825726141078838, 3.6745098039215685, 0.1037344398340249, -0.9024390243902439, -5.6521739130434785, 3.85546875, -16.39622641509434, 0.0, -1.2040816326530612, 0.2962962962962963, -0.3551020408163265, -0.3760330578512397, 0.0, -0.42738589211618255, -2.158536585365854, 0.8271604938271605, -1.796, -0.19753086419753085, 0.07883817427385892, 0.0, 1.7865612648221343, -5.47244094488189, -4.190476190476191, -4.408730158730159, 6.8023715415019765, 2.3132530120481927, 0.4132231404958678, -0.9105691056910569, 0.2821576763485477, -0.3673469387755102, -0.628099173553719, 0.0, 0.0, 0.037037037037037035},{2.245967741935484, -0.5121951219512195, 0.08032128514056225, 0.0, 1.2834008097165992, 0.0, -0.1037344398340249, 1.5180722891566265, 2.1707317073170733, 1.736842105263158, -0.2716049382716049, -6.207843137254902, -2.5384615384615383, 0.0, 0.36363636363636365, 0.12396694214876033, 0.0, 0.0, 0.9068825910931174, 1.5863453815261044, 0.0, 0.23140495867768596, -0.13545816733067728, -0.2066115702479339, 0.39669421487603307, 0.1322314049586777, 0.8064516129032258, -0.09504132231404959, 0.9183673469387755, 0.42738589211618255, 0.0, 4.7896825396825395, 0.3305785123966942, -0.13580246913580246, 16.470149253731343, 0.0, -3.3306772908366535, 1.0081632653061225, -0.5595238095238095, -0.8016194331983806, 0.4132231404958678, 2.392857142857143, -3.263779527559055, -0.836, 0.0, 0.0, 0.0, 0.0, 1.7580645161290323, 0.9183673469387755, 0.0},{3.204, 0.12156862745098039, -5.153543307086614, 0.864, 1.9959677419354838, 2.476, 1.104, -4.701195219123506, 2.177865612648221, -7.848249027237354, -7.078431372549019, -5.717557251908397, -5.412, 4.472222222222222, 3.2903225806451615, 3.3815261044176705, 3.9206349206349205, 0.8770491803278688, 10.47148288973384, 0.9556451612903226, -18.612781954887218, -7.680933852140078, -5.08235294117647, -5.186770428015564, -0.24691358024691357, 0.6831275720164609, -0.4798387096774194, 1.625, 3.012, 2.158536585365854, -4.7896825396825395, 0.0, 1.6097560975609757, 0.8285714285714286, 4.24015748031496, 0.43209876543209874, -6.936758893280633, -12.984962406015038, 1.623015873015873, -2.186991869918699, -6.49811320754717, 6.322709163346613, -3.5846774193548385, 1.7723577235772359, -0.09016393442622951, -3.537848605577689, -13.442307692307692, 0.0, 1.3658536585365855, 7.673151750972763, -10.798479087452472},{1.0354330708661417, 12.817490494296578, 0.0, -0.4066390041493776, 0.0, -0.11618257261410789, 1.0717131474103585, -0.30864197530864196, -0.2863070539419087, 0.0, 0.09053497942386832, -0.23140495867768596, -6.893280632411067, -0.7420634920634921, -0.18672199170124482, -0.4132231404958678, 2.1646586345381524, 0.13991769547325103, 0.2163265306122449, -0.0995850622406639, -0.2979591836734694, 0.44308943089430897, 0.52734375, -0.75, -0.6363636363636364, 0.3333333333333333, 0.21487603305785125, 2.072289156626506, 0.16182572614107885, -0.8271604938271605, -0.3305785123966942, -1.6097560975609757, 0.0, -0.05394190871369295, -0.9032258064516129, -1.1069958847736625, -0.97165991902834, -0.0912863070539419, 0.05737704918032787, -2.524, 0.27459016393442626, -0.2109375, 8.596078431372549, -0.2962962962962963, 0.0, -1.0693877551020408, -0.7768595041322314, -0.6707818930041153, -1.8514056224899598, -0.9183673469387755, -0.9224489795918367},{0.8137651821862348, -0.4251012145748988, -0.8024691358024691, -0.23236514522821577, 0.0, 0.0, -0.3900414937759336, -1.1224489795918366, 0.0, -0.4262295081967213, 0.0, -0.39271255060728744, 4.410358565737051, 2.1485943775100402, 0.0, -0.30864197530864196, 0.0, 0.0, -0.17695473251028807, -0.22821576763485477, 0.0, -3.3952569169960474, 0.17355371900826447, 3.139442231075697, -0.18181818181818182, -3.2817460317460316, 0.0, 6.035714285714286, -0.2975206611570248, 1.796, 0.13580246913580246, -0.8285714285714286, 0.05394190871369295, 0.0, -0.2572614107883817, -0.8617886178861789, -0.0954356846473029, -0.12396694214876033, -0.4074074074074074, -5.488095238095238, -0.24481327800829875, 4.792307692307692, 3.922779922779923, -1.0682730923694779, 0.0, 1.1902834008097165, 0.0, 0.0, 0.3333333333333333, -0.4426229508196721, 1.217741935483871},{4.706827309236948, -4.669322709163347, 0.4918032786885246, -0.3333333333333333, 0.08713692946058091, 6.361111111111111, 4.462450592885376, -0.448559670781893, -0.14049586776859505, -7.479087452471483, -0.2601626016260163, 2.0229885057471266, 0.45901639344262296, 0.5142857142857142, 6.664092664092664, 5.0436507936507935, 3.8300395256916997, 0.0, 0.3983402489626556, 0.4444444444444444, 0.0, -9.833976833976834, -2.88671875, 6.4884615384615385, -0.8729508196721312, -2.2289156626506026, -0.4262295081967213, 6.3700787401574805, -0.5224489795918368, 0.19753086419753085, -16.470149253731343, -4.24015748031496, 0.9032258064516129, 0.2572614107883817, 0.0, 3.8, -1.4777327935222673, 1.778225806451613, 1.4268774703557312, 16.17557251908397, -0.2231404958677686, -5.038461538461538, -0.582995951417004, 0.0, 0.0, 1.0204081632653061, 1.163265306122449, -1.6122448979591837, 0.0, 1.6746987951807228, 9.418604651162791},{-0.7619047619047619, 17.01127819548872, 1.437246963562753, 1.110655737704918, 0.6748971193415638, 0.2222222222222222, 2.9960474308300395, -6.068181818181818, 3.248995983935743, 0.7254098360655737, 0.4049586776859504, 3.9133858267716537, -8.072, 0.8888888888888888, 0.1487603305785124, 0.46938775510204084, -0.97165991902834, 0.0, 1.2, 1.1653225806451613, 0.1111111111111111, 5.86, -4.910852713178294, 0.15873015873015872, 0.0, -0.41975308641975306, 0.345679012345679, 2.9606299212598426, 2.992, -0.07883817427385892, 0.0, -0.43209876543209874, 1.1069958847736625, 0.8617886178861789, -3.8, 0.0, -3.917293233082707, 0.8888888888888888, -0.18110236220472442, -2.388888888888889, -2.7351778656126484, -9.922480620155039, -1.0232558139534884, -12.712121212121213, 0.0743801652892562, 0.5510204081632653, 4.063241106719367, -0.08298755186721991, 0.9629629629629629, 0.0, -7.2957198443579765},{3.1807692307692306, 0.0, 0.0, -3.710843373493976, 1.0551181102362204, -1.9676113360323886, 4.826086956521739, 0.0, 1.7791164658634537, 1.0963855421686748, 0.19834710743801653, 0.23140495867768596, 0.8502024291497976, -1.75, -7.488636363636363, -0.5555555555555556, 1.4274193548387097, 0.6475409836065574, 0.0, -0.02459016393442623, 9.19767441860465, 13.654275092936803, 1.185483870967742, -0.15918367346938775, -0.01639344262295082, 0.5668016194331984, -0.21224489795918366, -15.18796992481203, -7.373015873015873, 0.0, 3.3306772908366535, 6.936758893280633, 0.97165991902834, 0.0954356846473029, 1.4777327935222673, 3.917293233082707, 0.0, -0.2786885245901639, 9.123552123552123, 4.937743190661479, 0.2946058091286307, -3.2896825396825395, 0.0, 0.0, 0.0, 0.8278688524590164, -0.22, -0.4149377593360996, -10.186770428015564, -2.1991869918699187, 0.0},{-0.12195121951219512, -7.090196078431372, -0.345679012345679, 0.0, 0.1322314049586777, 0.0, -2.1075697211155378, -2.8452380952380953, 0.2962962962962963, 0.0, 0.0, 0.6788617886178862, -7.467181467181467, 0.0, 0.0, 0.0, -1.935483870967742, 0.0, 0.0, 0.4132231404958678, 2.761904761904762, 2.0853658536585367, 4.0813953488372094, -1.3333333333333333, -0.29508196721311475, -0.07883817427385892, 0.058091286307053944, -6.582677165354331, 0.08298755186721991, -1.7865612648221343, -1.0081632653061225, 12.984962406015038, 0.0912863070539419, 0.12396694214876033, -1.778225806451613, -0.8888888888888888, 0.2786885245901639, 0.0, 0.00411522633744856, -6.551330798479087, 0.3305785123966942, 2.7016129032258065, -2.996124031007752, -0.35918367346938773, 0.0, -1.967741935483871, 0.0, -0.1078838174273859, -1.0607287449392713, 0.0, 0.9512195121951219},{2.8293650793650795, -15.354716981132075, -0.5020408163265306, 0.008130081300813009, 0.8830645161290323, 0.12295081967213115, -0.5975609756097561, -0.4186991869918699, -0.3401639344262295, -0.8785425101214575, 1.606425702811245, -0.7073170731707317, 1.5020242914979758, 3.701550387596899, -0.03278688524590164, 0.8658536585365854, 3.0728744939271255, -5.845559845559846, 1.060483870967742, 0.5365853658536586, 3.3137254901960786, -1.015748031496063, 1.4534883720930232, 2.246031746031746, 0.5447154471544715, -2.1507936507936507, -0.12653061224489795, 4.9147286821705425, -0.6762295081967213, 5.47244094488189, 0.5595238095238095, -1.623015873015873, -0.05737704918032787, 0.4074074074074074, -1.4268774703557312, 0.18110236220472442, -9.123552123552123, -0.00411522633744856, 0.0, -4.249027237354086, -0.03225806451612903, 1.4669260700389104, -3.525096525096525, -0.18218623481781376, -0.5661157024793388, 2.0711462450592886, -15.280303030303031, -1.4448979591836735, -9.045112781954888, 5.529411764705882, 2.252},{0.34523809523809523, 0.8292682926829268, -3.0524193548387095, 11.463320463320464, -3.2890625, -0.6557377049180327, -0.1825726141078838, 2.152941176470588, 5.928571428571429, 2.5198412698412698, 5.216216216216216, -1.4516129032258065, -8.360153256704981, 12.243243243243244, -0.9958847736625515, 8.81640625, 0.9387755102040817, 17.49264705882353, -10.859315589353612, 0.5060240963855421, 6.4296875, 0.4834710743801653, 5.6156862745098035, -8.551181102362206, 3.3134920634920637, 0.0954356846473029, -0.319672131147541, 15.256603773584906, 4.9763779527559056, 4.190476190476191, 0.8016194331983806, 2.186991869918699, 2.524, 5.488095238095238, -16.17557251908397, 2.388888888888889, -4.937743190661479, 6.551330798479087, 4.249027237354086, 0.0, 2.5, 14.330827067669173, -12.947169811320755, -10.647058823529411, -0.24899598393574296, 6.150793650793651, -3.8544061302681993, 3.38, -14.089887640449438, 7.345864661654136, 3.9610894941634243},{2.57421875, 1.588, -2.02834008097166, -0.13934426229508196, -0.2962962962962963, -0.32231404958677684, 0.5180722891566265, -0.7868852459016393, 2.4634146341463414, -0.7877551020408163, 0.10743801652892562, -5.166666666666667, -1.9143968871595332, 0.12033195020746888, -0.1825726141078838, 1.672, 0.26141078838174275, -0.48360655737704916, -0.2892561983471074, 1.2244897959183674, 0.2066115702479339, -0.48148148148148145, -2.359375, -9.972972972972974, -0.23651452282157676, -6.89453125, -0.6979591836734694, 6.446640316205533, 0.1825726141078838, 4.408730158730159, -0.4132231404958678, 6.49811320754717, -0.27459016393442626, 0.24481327800829875, 0.2231404958677686, 2.7351778656126484, -0.2946058091286307, -0.3305785123966942, 0.03225806451612903, -2.5, 0.0, 2.503968253968254, 0.8714859437751004, 1.0, 0.0, 1.5020242914979758, 0.0, 0.0, 1.0637450199203187, 1.5674603174603174, -0.5555555555555556},{-2.9282868525896415, 3.9603174603174605, -5.682352941176471, -0.8778625954198473, -4.836, 14.393129770992367, 9.837837837837839, 3.905511811023622, -0.24701195219123506, -12.473880597014926, -3.8884615384615384, -1.9268292682926829, -2.3873517786561265, -1.742063492063492, -3.924901185770751, 0.5140562248995983, 0.622568093385214, -3.5019607843137255, -4.086956521739131, -1.8617886178861789, -8.171206225680933, 7.480314960629921, 0.35080645161290325, 0.3170731707317073, -4.074803149606299, 4.395348837209302, -2.191235059760956, -2.78, 8.217054263565892, -6.8023715415019765, -2.392857142857143, -6.322709163346613, 0.2109375, -4.792307692307692, 5.038461538461538, 9.922480620155039, 3.2896825396825395, -2.7016129032258065, -1.4669260700389104, -14.330827067669173, -2.503968253968254, 0.0, -2.216867469879518, -1.2727272727272727, -3.5100401606425704, -6.726923076923077, -4.940944881889764, -2.7509881422924902, -8.219607843137254, 13.114068441064639, 4.023529411764706},{3.6692015209125475, -0.9061224489795918, -5.19921875, -3.8924302788844622, -3.98828125, -7.373540856031128, -7.488372093023256, 0.6967213114754098, 1.5502008032128514, -3.184, 12.866412213740459, 0.6901960784313725, 0.0, -5.592452830188679, 11.042635658914728, -3.2267206477732793, 15.116981132075471, 1.502008032128514, -4.91254752851711, -0.8941176470588236, 19.88888888888889, 7.578125, -0.3765182186234818, 1.456, -0.2056451612903226, 7.745247148288973, -2.984, 2.5783132530120483, 1.5875486381322956, -2.3132530120481927, 3.263779527559055, 3.5846774193548385, -8.596078431372549, -3.922779922779923, 0.582995951417004, 1.0232558139534884, 0.0, 2.996124031007752, 3.525096525096525, 12.947169811320755, -0.8714859437751004, 2.216867469879518, 0.0, 0.0, -0.3224489795918367, -3.462151394422311, 0.047619047619047616, -1.6892430278884463, -0.9455252918287937, -1.1532567049808429, -1.7743190661478598},{0.1111111111111111, 0.0, 0.1908713692946058, -0.7349397590361446, -2.3188976377952755, -2.9516129032258065, 11.215384615384615, 0.0, 1.5783132530120483, 0.012096774193548387, 0.12244897959183673, 0.0, 0.0, 0.46558704453441296, -0.3673469387755102, -0.47107438016528924, 3.766798418972332, 0.09236947791164658, 0.0, -0.1991701244813278, 0.0, 7.28515625, 0.7658730158730159, 1.429718875502008, 0.0, -1.6963562753036436, -0.3821138211382114, -5.181102362204724, 0.848, -0.4132231404958678, 0.836, -1.7723577235772359, 0.2962962962962963, 1.0682730923694779, 0.0, 12.712121212121213, 0.0, 0.35918367346938773, 0.18218623481781376, 10.647058823529411, -1.0, 1.2727272727272727, 0.0, 0.0, 0.0, -0.7894736842105263, -0.5099601593625498, -1.7609561752988048, -2.6448979591836737, 2.396, -2.4071146245059287},{-1.2540322580645162, 1.2258064516129032, -0.25925925925925924, 0.0, 0.0, 0.0, 0.3673469387755102, 1.089430894308943, 2.451219512195122, 0.0, -0.08264462809917356, -0.24489795918367346, -1.6867469879518073, 0.15352697095435686, 0.0, 0.0, 0.3760330578512397, 0.0, 0.0, 0.0, 0.0, 0.0, -1.4274193548387097, -1.9314516129032258, 0.0, 0.19753086419753085, 0.0, 2.6, 0.1825726141078838, 0.9105691056910569, 0.0, 0.09016393442622951, 0.0, 0.0, 0.0, -0.0743801652892562, 0.0, 0.0, 0.5661157024793388, 0.24899598393574296, 0.0, 3.5100401606425704, 0.3224489795918367, 0.0, 0.0, 0.9878048780487805, -0.2839506172839506, -0.3236514522821577, 0.8623481781376519, 0.0, 0.0},{-0.43775100401606426, 2.247011952191235, 1.4056224899598393, -0.7090163934426229, 1.145748987854251, 0.20987654320987653, -4.707509881422925, 0.19591836734693877, -1.5161290322580645, 1.4918032786885247, -0.5983606557377049, 0.892, 2.3784860557768925, -0.2857142857142857, 0.563265306122449, 0.2396694214876033, 0.5428571428571428, 0.8360655737704918, 0.7165991902834008, 1.0617283950617284, -0.12448132780082988, -0.053061224489795916, -1.4285714285714286, 0.637065637065637, 0.926530612244898, 1.1619433198380567, 2.710843373493976, 4.929133858267717, 0.11570247933884298, -0.2821576763485477, 0.0, 3.537848605577689, 1.0693877551020408, -1.1902834008097165, -1.0204081632653061, -0.5510204081632653, -0.827868